0 0.02 1 1 0 -0
0.01 0.02 0.9998000199986667 0.9998000199986667 0.009999000066663334 0.009999000066662767
0.02 0.02 0.9996000799893344 0.9996000799893344 0.01999600053328001 0.01999600053327888
0.03 0.02 0.9994001799640054 0.9994001799640054 0.02999100179973003 0.02999100179972847
0.04 0.02 0.9992003199146837 0.9992003199146837 0.03998400426581347 0.03998400426581394
0.05 0.02 0.999000499833375 0.999000499833375 0.04997500833125042 0.0499750083312489
0.06 0.02 0.9988007197120864 0.9988007197120864 0.05996401439568103 0.05996401439568033
0.07000000000000001 0.02 0.9986009795428267 0.9986009795428267 0.0699510228586656 0.06995102285866639
0.08 0.02 0.9984012793176064 0.9984012793176064 0.07993603411968438 0.07993603411968198
0.09 0.02 0.9982016190284373 0.9982016190284373 0.08991904857813789 0.08991904857813537
0.09999999999999999 0.02 0.9980019986673331 0.9980019986673331 0.09990006663334666 0.09990006663334605
0.11 0.02 0.997802418226309 0.997802418226309 0.1098790886845514 0.1098790886845502
0.12 0.02 0.9976028776973818 0.9976028776973818 0.1198561151309131 0.1198561151309119
0.13 0.02 0.9974033770725698 0.9974033770725698 0.1298311463715128 0.1298311463715118
0.14 0.02 0.9972039163438929 0.9972039163438929 0.1398041828053517 0.1398041828053531
0.15 0.02 0.997004495503373 0.997004495503373 0.1497752248313512 0.14977522483135
0.16 0.02 0.9968051145430329 0.9968051145430329 0.159744272848353 0.1597442728483556
0.17 0.02 0.9966057734548976 0.9966057734548976 0.1697113272551192 0.1697113272551176
0.18 0.02 0.9964064722309933 0.9964064722309933 0.1796763884503318 0.1796763884503338
0.19 0.02 0.9962072108633482 0.9962072108633482 0.1896394568325933 0.189639456832591
0.2 0.02 0.9960079893439915 0.9960079893439915 0.1996005328004264 0.1996005328004258
0.21 0.02 0.9958088076649545 0.9958088076649545 0.2095596167522742 0.2095596167522751
0.2200000000000001 0.02 0.99560966581827 0.99560966581827 0.2195167090865 0.219516709086498
0.2300000000000001 0.02 0.9954105637959723 0.9954105637959723 0.2294718102013875 0.2294718102013871
0.2400000000000001 0.02 0.9952115015900972 0.9952115015900972 0.2394249204951409 0.2394249204951404
0.2500000000000001 0.02 0.9950124791926823 0.9950124791926823 0.2493760403658845 0.249376040365884
0.2600000000000001 0.02 0.9948134965957668 0.9948134965957668 0.2593251702116628 0.2593251702116606
0.2700000000000001 0.02 0.9946145537913912 0.9946145537913912 0.2692723104304416 0.2692723104304406
0.2800000000000001 0.02 0.9944156507715979 0.9944156507715979 0.279217461420106 0.279217461420106
0.2900000000000001 0.02 0.9942167875284308 0.9942167875284308 0.2891606235784623 0.2891606235784605
0.3000000000000001 0.02 0.9940179640539353 0.9940179640539353 0.2991017973032369 0.2991017973032362
0.3100000000000001 0.02 0.9938191803401585 0.9938191803401585 0.3090409829920767 0.3090409829920759
0.3200000000000001 0.02 0.993620436379149 0.993620436379149 0.3189781810425493 0.3189781810425507
0.3300000000000001 0.02 0.9934217321629571 0.9934217321629571 0.3289133918521424 0.3289133918521425
0.3400000000000001 0.02 0.9932230676836347 0.9932230676836347 0.3388466158182646 0.3388466158182668
0.3500000000000001 0.02 0.9930244429332351 0.9930244429332351 0.3487778533382449 0.3487778533382446
0.3600000000000002 0.02 0.9928258579038134 0.9928258579038134 0.3587071048093327 0.3587071048093304
0.3700000000000002 0.02 0.9926273125874261 0.9926273125874261 0.3686343706286979 0.3686343706286954
0.3800000000000002 0.02 0.9924288069761313 0.9924288069761313 0.3785596511934315 0.378559651193433
0.3900000000000002 0.02 0.9922303410619892 0.9922303410619892 0.3884829469005445 0.3884829469005424
0.4000000000000002 0.02 0.9920319148370607 0.9920319148370607 0.3984042581469686 0.3984042581469671
0.4100000000000002 0.02 0.9918335282934089 0.9918335282934089 0.4083235853295566 0.4083235853295564
0.4200000000000002 0.02 0.9916351814230984 0.9916351814230984 0.4182409288450812 0.4182409288450817
0.4300000000000002 0.02 0.9914368742181953 0.9914368742181953 0.4281562890902366 0.4281562890902368
0.4400000000000002 0.02 0.9912386066707672 0.9912386066707672 0.4380696664616368 0.4380696664616379
0.4500000000000002 0.02 0.9910403787728836 0.9910403787728836 0.4479810613558171 0.4479810613558177
0.4600000000000002 0.02 0.9908421905166154 0.9908421905166154 0.4578904741692333 0.4578904741692313
0.4700000000000003 0.02 0.9906440418940348 0.9906440418940348 0.4677979052982619 0.4677979052982617
0.4800000000000003 0.02 0.9904459328972161 0.9904459328972161 0.4777033551391999 0.4777033551391974
0.4900000000000003 0.02 0.9902478635182347 0.9902478635182347 0.4876068240882656 0.4876068240882658
0.5000000000000002 0.02 0.990049833749168 0.990049833749168 0.4975083125415976 0.4975083125416002
0.5100000000000002 0.02 0.9898518435820949 0.9898518435820949 0.5074078208952555 0.5074078208952559
0.5200000000000002 0.02 0.9896538930090956 0.9896538930090956 0.5173053495452198 0.5173053495452218
0.5300000000000002 0.02 0.9894559820222522 0.9894559820222522 0.5272008988873914 0.5272008988873922
0.5400000000000003 0.02 0.9892581106136481 0.9892581106136481 0.5370944693175923 0.537094469317595
0.5500000000000003 0.02 0.9890602787753687 0.9890602787753687 0.5469860612315653 0.5469860612315636
0.5600000000000003 0.02 0.9888624864995005 0.9888624864995005 0.5568756750249743 0.5568756750249759
0.5700000000000003 0.02 0.9886647337781319 0.9886647337781319 0.5667633110934037 0.5667633110934045
0.5800000000000003 0.02 0.9884670206033528 0.9884670206033528 0.5766489698323589 0.5766489698323607
0.5900000000000003 0.02 0.9882693469672547 0.9882693469672547 0.5865326516372663 0.5865326516372671
0.6000000000000003 0.02 0.9880717128619305 0.9880717128619305 0.5964143569034733 0.5964143569034741
0.6100000000000003 0.02 0.987874118279475 0.987874118279475 0.6062940860262481 0.6062940860262489
0.6200000000000003 0.02 0.9876765632119844 0.9876765632119844 0.6161718394007795 0.6161718394007809
0.6300000000000003 0.02 0.9874790476515565 0.9874790476515565 0.6260476174221777 0.6260476174221763
0.6400000000000003 0.02 0.9872815715902905 0.9872815715902905 0.6359214204854745 0.6359214204854746
0.6500000000000004 0.02 0.9870841350202876 0.9870841350202876 0.6457932489856213 0.6457932489856211
0.6600000000000004 0.02 0.9868867379336502 0.9868867379336502 0.6556631033174914 0.6556631033174887
0.6700000000000004 0.02 0.9866893803224824 0.9866893803224824 0.6655309838758791 0.6655309838758783
0.6800000000000004 0.02 0.98649206217889 0.98649206217889 0.6753968910554997 0.6753968910555019
0.6900000000000004 0.02 0.9862947834949802 0.9862947834949802 0.6852608252509892 0.6852608252509884
0.7000000000000004 0.02 0.9860975442628619 0.9860975442628619 0.6951227868569054 0.6951227868569054
0.7100000000000004 0.02 0.9859003444746455 0.9859003444746455 0.7049827762677262 0.7049827762677263
0.7200000000000004 0.02 0.985703184122443 0.985703184122443 0.7148407938778515 0.7148407938778523
0.7300000000000004 0.02 0.985506063198368 0.985506063198368 0.7246968400816023 0.7246968400816012
0.7400000000000004 0.02 0.9853089816945356 0.9853089816945356 0.7345509152732198 0.7345509152732188
0.7500000000000004 0.02 0.9851119396030626 0.9851119396030626 0.7444030198468674 0.7444030198468676
0.7600000000000005 0.02 0.9849149369160675 0.9849149369160675 0.7542531541966294 0.7542531541966269
0.7700000000000005 0.02 0.9847179736256698 0.9847179736256698 0.7641013187165107 0.7641013187165091
0.7800000000000005 0.02 0.9845210497239912 0.9845210497239912 0.7739475138004384 0.7739475138004381
0.7900000000000005 0.02 0.9843241652031548 0.9843241652031548 0.7837917398422599 0.78379173984226
0.8000000000000005 0.02 0.9841273200552851 0.9841273200552851 0.7936339972357448 0.7936339972357431
0.8100000000000005 0.02 0.9839305142725083 0.9839305142725083 0.8034742863745826 0.8034742863745836
0.8200000000000005 0.02 0.9837337478469523 0.9837337478469523 0.8133126076523857 0.8133126076523833
0.8300000000000005 0.02 0.9835370207707462 0.9835370207707462 0.8231489614626865 0.8231489614626886
0.8400000000000005 0.02 0.9833403330360212 0.9833403330360212 0.8329833481989389 0.8329833481989402
0.8500000000000005 0.02 0.9831436846349096 0.9831436846349096 0.8428157682545189 0.8428157682545179
0.8600000000000005 0.02 0.9829470755595455 0.9829470755595455 0.8526462220227229 0.8526462220227238
0.8700000000000006 0.02 0.9827505058020646 0.9827505058020646 0.8624747098967692 0.8624747098967711
0.8800000000000006 0.02 0.9825539753546041 0.9825539753546041 0.8723012322697977 0.8723012322697954
0.8900000000000006 0.02 0.9823574842093026 0.9823574842093026 0.8821257895348685 0.8821257895348711
0.9000000000000006 0.02 0.9821610323583007 0.9821610323583007 0.8919483820849647 0.8919483820849672
0.9100000000000006 0.02 0.9819646197937402 0.9819646197937402 0.9017690103129894 0.9017690103129916
0.9200000000000006 0.02 0.9817682465077646 0.9817682465077646 0.9115876746117683 0.911587674611769
0.9300000000000006 0.02 0.9815719124925191 0.9815719124925191 0.9214043753740472 0.9214043753740464
0.9400000000000006 0.02 0.9813756177401501 0.9813756177401501 0.931219112992495 0.9312191129924929
0.9500000000000006 0.02 0.981179362242806 0.981179362242806 0.9410318878597005 0.9410318878597002
0.9600000000000006 0.02 0.9809831459926365 0.9809831459926365 0.9508427003681748 0.9508427003681763
0.9700000000000006 0.02 0.980786968981793 0.980786968981793 0.9606515509103506 0.9606515509103519
0.9800000000000006 0.02 0.9805908312024284 0.9805908312024284 0.9704584398785823 0.9704584398785798
0.9900000000000007 0.02 0.9803947326466971 0.9803947326466971 0.9802633676651449 0.9802633676651462
1.000000000000001 0.02 0.9801986733067553 0.9801986733067553 0.9900663346622354 0.9900663346622374
1.010000000000001 0.02 0.9800026531747605 0.9800026531747605 0.9998673412619727 0.999867341261973
1.020000000000001 0.02 0.9798066722428721 0.979806672242872 1.009666387856397 1.009666387856401
1.030000000000001 0.02 0.9796107305032505 0.9796107305032505 1.019463474837471 1.019463474837473
1.040000000000001 0.02 0.9794148279480585 0.9794148279480585 1.029258602597077 1.029258602597077
1.050000000000001 0.02 0.9792189645694596 0.9792189645694596 1.039051771527021 1.039051771527022
1.060000000000001 0.02 0.9790231403596195 0.9790231403596195 1.048842982019029 1.048842982019027
1.070000000000001 0.02 0.978827355310705 0.978827355310705 1.05863223446475 1.058632234464751
1.080000000000001 0.02 0.9786316094148849 0.9786316094148849 1.068419529255753 1.068419529255754
1.090000000000001 0.02 0.9784359026643293 0.9784359026643293 1.078204866783532 1.078204866783533
1.100000000000001 0.02 0.97824023505121 0.97824023505121 1.087988247439498 1.087988247439498
1.110000000000001 0.02 0.9780446065677002 0.9780446065677002 1.097769671614988 1.09776967161499
1.120000000000001 0.02 0.9778490172059748 0.9778490172059748 1.107549139701258 1.107549139701258
1.130000000000001 0.02 0.9776534669582102 0.9776534669582102 1.117326652089487 1.11732665208949
1.140000000000001 0.02 0.9774579558165845 0.9774579558165845 1.127102209170776 1.127102209170777
1.150000000000001 0.02 0.9772624837732771 0.9772624837732771 1.136875811336147 1.136875811336147
1.160000000000001 0.02 0.9770670508204691 0.9770670508204691 1.146647458976543 1.146647458976546
1.170000000000001 0.02 0.9768716569503434 0.9768716569503434 1.156417152482832 1.15641715248283
1.180000000000001 0.02 0.9766763021550839 0.9766763021550839 1.1661848922458 1.166184892245803
1.190000000000001 0.02 0.9764809864268769 0.9764809864268769 1.175950678656157 1.175950678656157
1.200000000000001 0.02 0.9762857097579093 0.9762857097579093 1.185714512104535 1.185714512104535
1.210000000000001 0.02 0.9760904721403703 0.9760904721403703 1.195476392981487 1.195476392981487
1.220000000000001 0.02 0.9758952735664502 0.9758952735664502 1.205236321677488 1.205236321677489
1.230000000000001 0.02 0.9757001140283413 0.9757001140283413 1.214994298582935 1.214994298582933
1.240000000000001 0.02 0.9755049935182371 0.9755049935182371 1.224750324088148 1.224750324088147
1.250000000000001 0.02 0.9753099120283326 0.9753099120283326 1.234504398583367 1.234504398583369
1.260000000000001 0.02 0.9751148695508248 0.9751148695508248 1.244256522458756 1.244256522458759
1.270000000000001 0.02 0.974919866077912 0.974919866077912 1.254006696104399 1.254006696104398
1.280000000000001 0.02 0.9747249016017939 0.9747249016017939 1.263754919910303 1.263754919910304
1.290000000000001 0.02 0.9745299761146721 0.9745299761146721 1.273501194266398 1.273501194266397
1.300000000000001 0.02 0.9743350896087493 0.9743350896087493 1.283245519562534 1.283245519562537
1.310000000000001 0.02 0.9741402420762303 0.9741402420762303 1.292987896188484 1.292987896188486
1.320000000000001 0.02 0.9739454335093211 0.9739454335093211 1.302728324533944 1.302728324533947
1.330000000000001 0.02 0.9737506639002294 0.9737506639002294 1.31246680498853 1.312466804988532
1.340000000000001 0.02 0.9735559332411643 0.9735559332411643 1.322203337941782 1.322203337941785
1.350000000000001 0.02 0.9733612415243368 0.9733612415243368 1.331937923783161 1.331937923783161
1.360000000000001 0.02 0.9731665887419589 0.9731665887419589 1.34167056290205 1.341670562902053
1.370000000000001 0.02 0.9729719748862449 0.9729719748862449 1.351401255687756 1.351401255687756
1.380000000000001 0.02 0.9727773999494099 0.9727773999494099 1.361130002529505 1.361130002529504
1.390000000000001 0.02 0.972582863923671 0.972582863923671 1.370856803816448 1.37085680381645
1.400000000000001 0.02 0.9723883668012469 0.9723883668012469 1.380581659937656 1.380581659937657
1.410000000000001 0.02 0.9721939085743575 0.9721939085743575 1.390304571282124 1.390304571282125
1.420000000000001 0.02 0.9719994892352246 0.9719994892352246 1.400025538238769 1.400025538238769
1.430000000000001 0.02 0.9718051087760714 0.9718051087760714 1.409744561196429 1.40974456119643
1.440000000000001 0.02 0.9716107671891226 0.9716107671891226 1.419461640543865 1.419461640543868
1.450000000000001 0.02 0.9714164644666048 0.9714164644666048 1.42917677666976 1.429176776669761
1.460000000000001 0.02 0.9712222006007456 0.9712222006007456 1.438889969962719 1.43888996996272
1.470000000000001 0.02 0.9710279755837746 0.9710279755837746 1.448601220811271 1.448601220811269
1.480000000000001 0.02 0.9708337894079226 0.9708337894079226 1.458310529603865 1.458310529603868
1.490000000000001 0.02 0.9706396420654225 0.9706396420654225 1.468017896728874 1.468017896728874
1.500000000000001 0.02 0.9704455335485082 0.9704455335485082 1.477723322574592 1.477723322574592
1.510000000000001 0.02 0.9702514638494153 0.9702514638494153 1.487426807529237 1.487426807529235
1.520000000000001 0.02 0.970057432960381 0.970057432960381 1.497128351980947 1.497128351980948
1.530000000000001 0.02 0.9698634408736443 0.9698634408736443 1.506827956317785 1.506827956317786
1.540000000000001 0.02 0.9696694875814453 0.9696694875814453 1.516525620927735 1.516525620927733
1.550000000000001 0.02 0.9694755730760259 0.9694755730760259 1.526221346198704 1.526221346198703
1.560000000000001 0.02 0.9692816973496297 0.9692816973496297 1.535915132518519 1.535915132518517
1.570000000000001 0.02 0.9690878603945013 0.9690878603945013 1.545606980274933 1.545606980274933
1.580000000000001 0.02 0.9688940622028875 0.9688940622028875 1.555296889855621 1.555296889855623
1.590000000000001 0.02 0.9687003027670364 0.9687003027670364 1.564984861648177 1.564984861648178
1.600000000000001 0.02 0.9685065820791976 0.9685065820791976 1.574670896040121 1.57467089604012
1.610000000000001 0.02 0.9683129001316221 0.9683129001316221 1.584354993418895 1.584354993418896
1.620000000000001 0.02 0.9681192569165628 0.9681192569165628 1.594037154171863 1.594037154171862
1.630000000000001 0.02 0.9679256524262738 0.9679256524262738 1.603717378686309 1.603717378686309
1.640000000000001 0.02 0.9677320866530111 0.9677320866530111 1.613395667349445 1.613395667349443
1.650000000000001 0.02 0.967538559589032 0.967538559589032 1.6230720205484 1.623072020548399
1.660000000000001 0.02 0.9673450712265954 0.9673450712265954 1.632746438670231 1.63274643867023
1.670000000000001 0.02 0.9671516215579617 0.9671516215579617 1.642418922101912 1.642418922101913
1.680000000000001 0.02 0.9669582105753931 0.9669582105753931 1.652089471230343 1.652089471230345
1.690000000000001 0.02 0.966764838271153 0.966764838271153 1.661758086442347 1.66175808644235
1.700000000000001 0.02 0.9665715046375066 0.9665715046375066 1.671424768124668 1.671424768124669
1.710000000000001 0.02 0.9663782096667205 0.9663782096667205 1.681089516663973 1.681089516663975
1.720000000000001 0.02 0.9661849533510629 0.9661849533510629 1.690752332446853 1.690752332446854
1.730000000000001 0.02 0.9659917356828036 0.9659917356828036 1.70041321585982 1.70041321585982
1.740000000000001 0.02 0.9657985566542139 0.9657985566542139 1.710072167289308 1.710072167289306
1.750000000000001 0.02 0.9656054162575665 0.9656054162575665 1.719729187121677 1.719729187121677
1.760000000000001 0.02 0.9654123144851359 0.9654123144851359 1.729384275743207 1.729384275743207
1.770000000000001 0.02 0.9652192513291979 0.9652192513291979 1.739037433540101 1.739037433540103
1.780000000000001 0.02 0.9650262267820302 0.9650262267820302 1.748688660898487 1.74868866089849
1.790000000000001 0.02 0.9648332408359117 0.9648332408359117 1.758337958204412 1.758337958204415
1.800000000000001 0.02 0.964640293483123 0.964640293483123 1.76798532584385 1.767985325843852
1.810000000000001 0.02 0.9644473847159462 0.9644473847159462 1.777630764202693 1.777630764202692
1.820000000000001 0.02 0.9642545145266648 0.9642545145266648 1.787274273666762 1.787274273666761
1.830000000000001 0.02 0.9640616829075641 0.9640616829075641 1.796915854621794 1.796915854621794
1.840000000000001 0.02 0.9638688898509309 0.9638688898509309 1.806555507453454 1.806555507453456
1.850000000000001 0.02 0.9636761353490534 0.9636761353490534 1.816193232547329 1.816193232547331
1.860000000000001 0.02 0.9634834193942214 0.9634834193942214 1.825829030288926 1.825829030288928
1.870000000000001 0.02 0.9632907419787264 0.9632907419787264 1.835462901063677 1.835462901063678
1.880000000000001 0.02 0.9630981030948612 0.9630981030948612 1.845094845256939 1.845094845256939
1.890000000000001 0.02 0.9629055027349203 0.9629055027349203 1.854724863253988 1.854724863253987
1.900000000000001 0.02 0.9627129408911995 0.9627129408911995 1.864352955440025 1.864352955440024
1.910000000000001 0.02 0.9625204175559965 0.9625204175559965 1.873979122200173 1.873979122200176
1.920000000000001 0.02 0.9623279327216103 0.9623279327216103 1.883603363919481 1.883603363919484
1.930000000000001 0.02 0.9621354863803416 0.9621354863803416 1.893225680982916 1.893225680982918
1.940000000000002 0.02 0.9619430785244926 0.9619430785244926 1.902846073775372 1.902846073775372
1.950000000000002 0.02 0.9617507091463667 0.9617507091463667 1.912464542681665 1.912464542681663
1.960000000000002 0.02 0.9615583782382693 0.9615583782382693 1.922081088086533 1.922081088086536
1.970000000000002 0.02 0.9613660857925073 0.9613660857925073 1.931695710374638 1.931695710374637
1.980000000000002 0.02 0.9611738318013887 0.9611738318013887 1.941308409930565 1.941308409930564
1.990000000000002 0.02 0.9609816162572236 0.9609816162572236 1.950919187138823 1.950919187138822
2.000000000000001 0.02 0.9607894391523232 0.9607894391523232 1.96052804238384 1.960528042383841
2.010000000000001 0.02 0.9605973004790005 0.9605973004790005 1.970134976049973 1.970134976049975
2.020000000000001 0.02 0.96040520022957 0.96040520022957 1.979739988521499 1.979739988521501
2.030000000000001 0.02 0.9602131383963476 0.9602131383963476 1.989343080182618 1.989343080182621
2.04 0.02 0.9600211149716509 0.9600211149716509 1.998944251417454 1.998944251417456
2.05 0.02 0.9598291299477989 0.9598291299477989 2.008543502610054 2.008543502610055
2.06 0.02 0.9596371833171122 0.9596371833171122 2.018140834144387 2.018140834144388
2.07 0.02 0.959445275071913 0.959445275071913 2.027736246404347 2.027736246404349
2.08 0.02 0.959253405204525 0.959253405204525 2.03732973977375 2.037329739773752
2.089999999999999 0.02 0.9590615737072732 0.9590615737072732 2.046921314636337 2.046921314636341
2.099999999999999 0.02 0.9588697805724846 0.9588697805724846 2.05651097137577 2.056510971375769
2.109999999999999 0.02 0.9586780257924873 0.9586780257924873 2.066098710375636 2.066098710375635
2.119999999999999 0.02 0.9584863093596111 0.9584863093596111 2.075684532019443 2.075684532019445
2.129999999999999 0.02 0.9582946312661874 0.9582946312661874 2.085268436690626 2.085268436690629
2.139999999999998 0.02 0.9581029915045491 0.9581029915045491 2.094850424772539 2.094850424772543
2.149999999999998 0.02 0.9579113900670307 0.9579113900670307 2.104430496648463 2.104430496648463
2.159999999999998 0.02 0.9577198269459679 0.9577198269459679 2.114008652701601 2.114008652701604
2.169999999999998 0.02 0.9575283021336984 0.9575283021336984 2.123584893315078 2.123584893315078
2.179999999999997 0.02 0.9573368156225611 0.9573368156225611 2.133159218871945 2.133159218871944
2.189999999999997 0.02 0.9571453674048965 0.9571453674048965 2.142731629755174 2.142731629755173
2.199999999999997 0.02 0.9569539574730467 0.9569539574730467 2.152302126347662 2.152302126347666
2.209999999999997 0.02 0.9567625858193554 0.9567625858193554 2.161870709032228 2.161870709032232
2.219999999999997 0.02 0.9565712524361676 0.9565712524361676 2.171437378191617 2.171437378191621
2.229999999999996 0.02 0.9563799573158301 0.95637995731583 2.181002134208494 2.181002134208498
2.239999999999996 0.02 0.9561887004506909 0.9561887004506909 2.190564977465451 2.190564977465453
2.249999999999996 0.02 0.9559974818331 0.9559974818331 2.200125908345 2.200125908345002
2.259999999999996 0.02 0.9558063014554085 0.9558063014554085 2.209684927229579 2.209684927229577
2.269999999999996 0.02 0.955615159309969 0.955615159309969 2.219242034501548 2.21924203450155
2.279999999999995 0.02 0.9554240553891361 0.9554240553891361 2.228797230543193 2.228797230543194
2.289999999999995 0.02 0.9552329896852656 0.9552329896852656 2.238350515736721 2.23835051573672
2.299999999999995 0.02 0.9550419621907147 0.9550419621907147 2.247901890464262 2.247901890464266
2.309999999999995 0.02 0.9548509728978425 0.9548509728978425 2.257451355107873 2.257451355107876
2.319999999999995 0.02 0.9546600217990093 0.9546600217990093 2.266998910049532 2.266998910049534
2.329999999999994 0.02 0.9544691088865772 0.9544691088865772 2.276544555671141 2.276544555671139
2.339999999999994 0.02 0.9542782341529095 0.9542782341529095 2.286088292354526 2.286088292354527
2.349999999999994 0.02 0.9540873975903713 0.9540873975903713 2.295630120481436 2.295630120481434
2.359999999999994 0.02 0.9538965991913291 0.9538965991913291 2.305170040433544 2.305170040433546
2.369999999999993 0.02 0.953705838948151 0.953705838948151 2.314708052592448 2.314708052592451
2.379999999999993 0.02 0.9535151168532067 0.9535151168532067 2.324244157339668 2.324244157339666
2.389999999999993 0.02 0.953324432898867 0.953324432898867 2.333778355056647 2.333778355056648
2.399999999999993 0.02 0.9531337870775048 0.9531337870775048 2.343310646124755 2.343310646124757
2.409999999999993 0.02 0.9529431793814943 0.9529431793814943 2.352841030925282 2.352841030925284
2.419999999999992 0.02 0.9527526098032111 0.9527526098032111 2.362369509839443 2.362369509839446
2.429999999999992 0.02 0.9525620783350324 0.9525620783350324 2.371896083248379 2.371896083248382
2.439999999999992 0.02 0.9523715849693369 0.9523715849693369 2.381420751533152 2.381420751533153
2.449999999999992 0.02 0.952181129698505 0.952181129698505 2.390943515074748 2.39094351507475
2.459999999999992 0.02 0.9519907125149184 0.9519907125149184 2.400464374254079 2.40046437425408
2.469999999999991 0.02 0.9518003334109604 0.9518003334109604 2.409983329451979 2.409983329451981
2.479999999999991 0.02 0.9516099923790159 0.9516099923790159 2.419500381049205 2.419500381049205
2.489999999999991 0.02 0.9514196894114711 0.9514196894114711 2.42901552942644 2.429015529426442
2.499999999999991 0.02 0.9512294245007142 0.9512294245007142 2.438528774964289 2.438528774964288
2.50999999999999 0.02 0.9510391976391342 0.9510391976391342 2.448040118043284 2.448040118043287
2.51999999999999 0.02 0.9508490088191225 0.9508490088191225 2.457549559043877 2.457549559043875
2.52999999999999 0.02 0.950658858033071 0.950658858033071 2.467057098346446 2.467057098346448
2.53999999999999 0.02 0.9504687452733741 0.9504687452733741 2.476562736331293 2.476562736331295
2.54999999999999 0.02 0.9502786705324271 0.9502786705324271 2.486066473378642 2.486066473378645
2.559999999999989 0.02 0.9500886338026271 0.9500886338026271 2.495568309868645 2.495568309868645
2.569999999999989 0.02 0.9498986350763725 0.9498986350763725 2.505068246181373 2.505068246181374
2.579999999999989 0.02 0.9497086743460634 0.9497086743460634 2.514566282696824 2.514566282696828
2.589999999999989 0.02 0.9495187516041016 0.9495187516041016 2.524062419794922 2.52406241979492
2.599999999999989 0.02 0.9493288668428898 0.9493288668428898 2.533556657855509 2.533556657855512
2.609999999999988 0.02 0.9491390200548329 0.9491390200548329 2.543048997258356 2.543048997258357
2.619999999999988 0.02 0.9489492112323369 0.9489492112323369 2.552539438383157 2.552539438383155
2.629999999999988 0.02 0.9487594403678093 0.9487594403678093 2.562027981609529 2.562027981609532
2.639999999999988 0.02 0.9485697074536596 0.9485697074536596 2.571514627317014 2.571514627317018
2.649999999999987 0.02 0.9483800124822984 0.9483800124822984 2.580999375885078 2.580999375885079
2.659999999999987 0.02 0.9481903554461377 0.9481903554461377 2.59048222769311 2.590482227693114
2.669999999999987 0.02 0.9480007363375915 0.9480007363375915 2.599963183120425 2.599963183120424
2.679999999999987 0.02 0.9478111551490748 0.9478111551490748 2.609442242546262 2.609442242546261
2.689999999999987 0.02 0.9476216118730043 0.9476216118730043 2.618919406349781 2.618919406349784
2.699999999999986 0.02 0.9474321065017985 0.9474321065017985 2.628394674910071 2.628394674910073
2.709999999999986 0.02 0.9472426390278772 0.9472426390278772 2.637868048606141 2.63786804860614
2.719999999999986 0.02 0.9470532094436614 0.9470532094436614 2.647339527816927 2.647339527816928
2.729999999999986 0.02 0.9468638177415742 0.9468638177415742 2.656809112921288 2.656809112921288
2.739999999999986 0.02 0.9466744639140399 0.9466744639140399 2.666276804298007 2.666276804298007
2.749999999999985 0.02 0.9464851479534842 0.9464851479534842 2.675742602325792 2.675742602325792
2.759999999999985 0.02 0.9462958698523345 0.9462958698523345 2.685206507383274 2.685206507383275
2.769999999999985 0.02 0.9461066296030197 0.9461066296030197 2.694668519849011 2.694668519849014
2.779999999999985 0.02 0.9459174271979703 0.9459174271979703 2.704128640101481 2.704128640101483
2.789999999999984 0.02 0.9457282626296182 0.9457282626296182 2.713586868519092 2.713586868519091
2.799999999999984 0.02 0.9455391358903966 0.9455391358903965 2.723043205480171 2.723043205480174
2.809999999999984 0.02 0.9453500469727405 0.9453500469727405 2.732497651362972 2.732497651362975
2.819999999999984 0.02 0.9451609958690865 0.9451609958690865 2.741950206545672 2.741950206545674
2.829999999999984 0.02 0.9449719825718725 0.9449719825718725 2.751400871406374 2.751400871406373
2.839999999999983 0.02 0.9447830070735379 0.9447830070735379 2.760849646323105 2.760849646323105
2.849999999999983 0.02 0.9445940693665237 0.9445940693665237 2.770296531673816 2.770296531673816
2.859999999999983 0.02 0.9444051694432724 0.9444051694432724 2.779741527836381 2.779741527836382
2.869999999999983 0.02 0.944216307296228 0.944216307296228 2.789184635188601 2.789184635188602
2.879999999999983 0.02 0.944027482917836 0.944027482917836 2.798625854108201 2.7986258541082
2.889999999999982 0.02 0.9438386963005434 0.9438386963005434 2.808065184972828 2.80806518497283
2.899999999999982 0.02 0.9436499474367989 0.9436499474367989 2.817502628160056 2.817502628160057
2.909999999999982 0.02 0.9434612363190523 0.9434612363190523 2.826938184047383 2.826938184047384
2.919999999999982 0.02 0.9432725629397554 0.9432725629397554 2.836371853012232 2.836371853012232
2.929999999999982 0.02 0.943083927291361 0.943083927291361 2.845803635431948 2.845803635431948
2.939999999999981 0.02 0.9428953293663239 0.9428953293663239 2.855233531683803 2.855233531683804
2.949999999999981 0.02 0.9427067691571001 0.9427067691571001 2.864661542144993 2.864661542144997
2.959999999999981 0.02 0.9425182466561473 0.9425182466561471 2.874087667192639 2.874087667192643
2.969999999999981 0.02 0.9423297618559243 0.9423297618559243 2.883511907203785 2.883511907203784
2.97999999999998 0.02 0.942141314748892 0.942141314748892 2.892934262555401 2.892934262555402
2.98999999999998 0.02 0.9419529053275123 0.9419529053275123 2.902354733624381 2.902354733624385
2.99999999999998 0.02 0.9417645335842491 0.9417645335842491 2.911773320787545 2.911773320787547
3.00999999999998 0.02 0.9415761995115672 0.9415761995115672 2.921190024421633 2.921190024421638
3.01999999999998 0.02 0.9413879031019335 0.9413879031019335 2.930604844903318 2.930604844903323
3.029999999999979 0.02 0.9411996443478161 0.9411996443478161 2.94001778260919 2.940017782609194
3.039999999999979 0.02 0.9410114232416846 0.9410114232416846 2.949428837915767 2.949428837915768
3.049999999999979 0.02 0.9408232397760101 0.9408232397760101 2.958838011199491 2.958838011199494
3.059999999999979 0.02 0.9406350939432654 0.9406350939432654 2.96824530283673 2.96824530283673
3.069999999999979 0.02 0.9404469857359244 0.9404469857359244 2.977650713203774 2.977650713203777
3.079999999999978 0.02 0.9402589151464631 0.9402589151464631 2.987054242676841 2.987054242676845
3.089999999999978 0.02 0.9400708821673586 0.9400708821673586 2.996455891632071 2.996455891632071
3.099999999999978 0.02 0.9398828867910893 0.9398828867910893 3.00585566044553 3.005855660445533
3.109999999999978 0.02 0.9396949290101357 0.9396949290101357 3.01525354949321 3.015253549493213
3.119999999999977 0.02 0.9395070088169795 0.9395070088169795 3.024649559151025 3.024649559151027
3.129999999999977 0.02 0.9393191262041036 0.9393191262041036 3.034043689794817 3.034043689794819
3.139999999999977 0.02 0.9391312811639929 0.9391312811639929 3.043435941800349 3.043435941800354
3.149999999999977 0.02 0.9389434736891337 0.9389434736891337 3.052826315543314 3.052826315543316
3.159999999999977 0.02 0.9387557037720135 0.9387557037720135 3.062214811399324 3.062214811399327
3.169999999999976 0.02 0.9385679714051215 0.9385679714051215 3.071601429743921 3.071601429743925
3.179999999999976 0.02 0.9383802765809486 0.9383802765809486 3.080986170952569 3.080986170952571
3.189999999999976 0.02 0.9381926192919868 0.9381926192919868 3.090369035400657 3.090369035400658
3.199999999999976 0.02 0.9380049995307299 0.9380049995307299 3.0997500234635 3.099750023463504
3.209999999999976 0.02 0.9378174172896732 0.9378174172896732 3.109129135516338 3.109129135516342
3.219999999999975 0.02 0.9376298725613132 0.9376298725613132 3.118506371934336 3.118506371934338
3.229999999999975 0.02 0.9374423653381483 0.9374423653381483 3.127881733092582 3.127881733092586
3.239999999999975 0.02 0.9372548956126782 0.9372548956126782 3.137255219366091 3.137255219366092
3.249999999999975 0.02 0.9370674633774039 0.9370674633774039 3.146626831129802 3.146626831129806
3.259999999999974 0.02 0.9368800686248283 0.9368800686248283 3.155996568758581 3.155996568758584
3.269999999999974 0.02 0.9366927113474557 0.9366927113474557 3.165364432627216 3.165364432627216
3.279999999999974 0.02 0.9365053915377916 0.9365053915377916 3.174730423110422 3.174730423110422
3.289999999999974 0.02 0.9363181091883432 0.9363181091883431 3.184094540582838 3.184094540582843
3.299999999999974 0.02 0.9361308642916193 0.9361308642916193 3.193456785419031 3.193456785419035
3.309999999999973 0.02 0.9359436568401301 0.9359436568401301 3.202817157993488 3.202817157993493
3.319999999999973 0.02 0.9357564868263875 0.9357564868263875 3.212175658680625 3.212175658680627
3.329999999999973 0.02 0.9355693542429043 0.9355693542429043 3.221532287854783 3.221532287854783
3.339999999999973 0.02 0.9353822590821954 0.9353822590821954 3.230887045890225 3.230887045890229
3.349999999999973 0.02 0.935195201336777 0.935195201336777 3.240239933161144 3.240239933161149
3.359999999999972 0.02 0.9350081809991669 0.9350081809991668 3.249590950041653 3.249590950041659
3.369999999999972 0.02 0.934821198061884 0.934821198061884 3.258940096905794 3.258940096905799
3.379999999999972 0.02 0.9346342525174492 0.9346342525174492 3.268287374127533 3.268287374127537
3.389999999999972 0.02 0.9344473443583847 0.9344473443583847 3.277632782080761 3.277632782080764
3.399999999999971 0.02 0.9342604735772141 0.9342604735772141 3.286976321139294 3.286976321139295
3.409999999999971 0.02 0.9340736401664624 0.9340736401664624 3.296317991676873 3.296317991676878
3.419999999999971 0.02 0.9338868441186566 0.9338868441186566 3.305657794067166 3.305657794067168
3.429999999999971 0.02 0.9337000854263247 0.9337000854263247 3.314995728683764 3.314995728683767
3.439999999999971 0.02 0.9335133640819963 0.9335133640819963 3.324331795900185 3.324331795900187
3.44999999999997 0.02 0.9333266800782025 0.9333266800782025 3.333665996089872 3.333665996089874
3.45999999999997 0.02 0.9331400334074761 0.9331400334074761 3.342998329626193 3.342998329626195
3.46999999999997 0.02 0.9329534240623512 0.9329534240623512 3.35232879688244 3.352328796882442
3.47999999999997 0.02 0.9327668520353632 0.9327668520353632 3.361657398231833 3.361657398231837
3.48999999999997 0.02 0.9325803173190497 0.9325803173190497 3.370984134047516 3.370984134047517
3.499999999999969 0.02 0.9323938199059488 0.9323938199059488 3.380309004702557 3.380309004702558
3.509999999999969 0.02 0.9322073597886009 0.9322073597886009 3.389632010569954 3.389632010569954
3.519999999999969 0.02 0.9320209369595475 0.9320209369595475 3.398953152022623 3.398953152022627
3.529999999999969 0.02 0.9318345514113316 0.9318345514113316 3.408272429433413 3.408272429433417
3.539999999999969 0.02 0.9316482031364981 0.9316482031364981 3.417589843175094 3.417589843175095
3.549999999999968 0.02 0.9314618921275927 0.9314618921275927 3.426905393620363 3.426905393620366
3.559999999999968 0.02 0.9312756183771631 0.9312756183771631 3.436219081141841 3.436219081141845
3.569999999999968 0.02 0.9310893818777585 0.9310893818777585 3.445530906112076 3.445530906112076
3.579999999999968 0.02 0.9309031826219292 0.9309031826219292 3.454840868903541 3.454840868903541
3.589999999999967 0.02 0.9307170206022273 0.9307170206022273 3.464148969888634 3.464148969888636
3.599999999999967 0.02 0.9305308958112063 0.9305308958112063 3.47345520943968 3.473455209439685
3.609999999999967 0.02 0.9303448082414214 0.9303448082414214 3.482759587928929 3.48275958792893
3.619999999999967 0.02 0.9301587578854289 0.9301587578854289 3.492062105728555 3.492062105728555
3.629999999999967 0.02 0.9299727447357868 0.9299727447357868 3.501362763210658 3.501362763210658
3.639999999999966 0.02 0.9297867687850546 0.9297867687850546 3.510661560747266 3.510661560747269
3.649999999999966 0.02 0.9296008300257933 0.9296008300257933 3.519958498710331 3.519958498710335
3.659999999999966 0.02 0.9294149284505654 0.9294149284505654 3.529253577471728 3.52925357747173
3.669999999999966 0.02 0.9292290640519347 0.9292290640519347 3.538546797403263 3.538546797403264
3.679999999999966 0.02 0.9290432368224667 0.9290432368224667 3.547838158876664 3.547838158876665
3.689999999999965 0.02 0.9288574467547283 0.9288574467547283 3.557127662263585 3.557127662263587
3.699999999999965 0.02 0.9286716938412878 0.9286716938412878 3.566415307935606 3.566415307935611
3.709999999999965 0.02 0.9284859780747153 0.9284859780747153 3.575701096264233 3.575701096264233
3.719999999999965 0.02 0.928300299447582 0.928300299447582 3.584985027620898 3.584985027620902
3.729999999999964 0.02 0.9281146579524608 0.9281146579524608 3.594267102376957 3.594267102376958
3.739999999999964 0.02 0.927929053581926 0.927929053581926 3.603547320903695 3.603547320903699
3.749999999999964 0.02 0.9277434863285535 0.9277434863285535 3.61282568357232 3.612825683572324
3.759999999999964 0.02 0.9275579561849207 0.9275579561849207 3.622102190753965 3.622102190753967
3.769999999999964 0.02 0.9273724631436061 0.9273724631436061 3.631376842819692 3.631376842819694
3.779999999999963 0.02 0.9271870071971903 0.9271870071971903 3.640649640140486 3.640649640140486
3.789999999999963 0.02 0.9270015883382547 0.9270015883382547 3.64992058308726 3.649920583087263
3.799999999999963 0.02 0.9268162065593829 0.9268162065593829 3.659189672030851 3.659189672030855
3.809999999999963 0.02 0.9266308618531595 0.9266308618531595 3.668456907342023 3.668456907342027
3.819999999999963 0.02 0.9264455542121707 0.9264455542121707 3.677722289391465 3.677722289391466
3.829999999999962 0.02 0.9262602836290041 0.9262602836290041 3.686985818549792 3.686985818549793
3.839999999999962 0.02 0.926075050096249 0.926075050096249 3.696247495187546 3.696247495187549
3.849999999999962 0.02 0.9258898536064961 0.9258898536064961 3.705507319675193 3.705507319675194
3.859999999999962 0.02 0.9257046941523374 0.9257046941523374 3.714765292383128 3.714765292383132
3.869999999999961 0.02 0.9255195717263666 0.9255195717263666 3.724021413681667 3.724021413681672
3.879999999999961 0.02 0.9253344863211788 0.9253344863211788 3.733275683941057 3.733275683941062
3.889999999999961 0.02 0.9251494379293705 0.9251494379293705 3.742528103531468 3.742528103531473
3.899999999999961 0.02 0.9249644265435401 0.9249644265435401 3.751778672822997 3.751778672822997
3.909999999999961 0.02 0.9247794521562867 0.9247794521562867 3.761027392185667 3.761027392185667
3.91999999999996 0.02 0.9245945147602114 0.9245945147602114 3.770274261989427 3.770274261989431
3.92999999999996 0.02 0.9244096143479169 0.9244096143479169 3.77951928260415 3.779519282604154
3.93999999999996 0.02 0.9242247509120072 0.9242247509120072 3.788762454399639 3.788762454399641
3.94999999999996 0.02 0.9240399244450875 0.9240399244450875 3.79800377774562 3.798003777745623
3.95999999999996 0.02 0.923855134939765 0.923855134939765 3.807243253011745 3.807243253011749
3.969999999999959 0.02 0.9236703823886481 0.9236703823886481 3.816480880567596 3.816480880567596
3.979999999999959 0.02 0.9234856667843465 0.9234856667843465 3.825716660782675 3.825716660782674
3.989999999999959 0.02 0.9233009881194717 0.9233009881194717 3.834950594026413 3.834950594026415
3.999999999999959 0.02 0.9231163463866365 0.9231163463866365 3.84418268066817 3.844182680668173
4.009999999999959 0.02 0.9229317415784554 0.9229317415784554 3.853412921077227 3.853412921077231
4.019999999999959 0.02 0.922747173687544 0.922747173687544 3.862641315622795 3.8626413156228
4.029999999999959 0.02 0.9225626427065197 0.9225626427065197 3.87186786467401 3.871867864674017
4.039999999999958 0.02 0.9223781486280013 0.9223781486280013 3.881092568599934 3.881092568599936
4.049999999999958 0.02 0.9221936914446088 0.9221936914446088 3.890315427769554 3.890315427769558
4.059999999999958 0.02 0.9220092711489642 0.9220092711489642 3.899536442551784 3.899536442551788
4.069999999999958 0.02 0.9218248877336905 0.9218248877336905 3.908755613315467 3.908755613315473
4.079999999999957 0.02 0.9216405411914126 0.9216405411914126 3.917972940429368 3.917972940429371
4.089999999999957 0.02 0.9214562315147563 0.9214562315147563 3.92718842426218 3.927188424262185
4.099999999999957 0.02 0.9212719586963495 0.9212719586963495 3.936402065182524 3.936402065182526
4.109999999999957 0.02 0.921087722728821 0.921087722728821 3.945613863558943 3.94561386355895
4.119999999999957 0.02 0.9209035236048017 0.9209035236048017 3.954823819759911 3.954823819759917
4.129999999999956 0.02 0.9207193613169234 0.9207193613169234 3.964031934153826 3.964031934153827
4.139999999999956 0.02 0.9205352358578197 0.9205352358578197 3.973238207109012 3.973238207109014
4.149999999999956 0.02 0.9203511472201256 0.9203511472201256 3.98244263899372 3.982442638993722
4.159999999999956 0.02 0.9201670953964773 0.9201670953964773 3.991645230176128 3.991645230176133
4.169999999999956 0.02 0.9199830803795132 0.9199830803795132 4.000845981024338 4.000845981024343
4.179999999999955 0.02 0.9197991021618723 0.9197991021618723 4.010044891906382 4.010044891906383
4.189999999999955 0.02 0.9196151607361956 0.9196151607361956 4.019241963190215 4.019241963190217
4.199999999999955 0.02 0.9194312560951255 0.9194312560951255 4.028437195243721 4.028437195243723
4.209999999999955 0.02 0.9192473882313058 0.9192473882313058 4.037630588434708 4.03763058843471
4.219999999999954 0.02 0.9190635571373816 0.9190635571373816 4.046822143130913 4.046822143130918
4.229999999999954 0.02 0.9188797628059999 0.9188797628059999 4.056011859699997 4.056011859700003
4.239999999999954 0.02 0.9186960052298089 0.9186960052298089 4.065199738509549 4.065199738509556
4.249999999999954 0.02 0.9185122844014582 0.9185122844014582 4.074385779927086 4.074385779927092
4.259999999999954 0.02 0.918328600313599 0.918328600313599 4.083569984320047 4.083569984320051
4.269999999999953 0.02 0.9181449529588839 0.9181449529588839 4.092752352055801 4.092752352055806
4.279999999999953 0.02 0.9179613423299671 0.9179613423299671 4.101932883501643 4.101932883501647
4.289999999999953 0.02 0.917777768419504 0.917777768419504 4.111111579024795 4.111111579024801
4.299999999999953 0.02 0.9175942312201518 0.9175942312201518 4.120288438992404 4.120288438992409
4.309999999999953 0.02 0.917410730724569 0.917410730724569 4.129463463771543 4.129463463771549
4.319999999999952 0.02 0.9172272669254156 0.9172272669254156 4.138636653729216 4.138636653729222
4.329999999999952 0.02 0.917043839815353 0.917043839815353 4.147808009232349 4.147808009232351
4.339999999999952 0.02 0.916860449387044 0.916860449387044 4.156977530647795 4.156977530647798
4.349999999999952 0.02 0.9166770956331531 0.9166770956331531 4.166145218342336 4.166145218342343
4.359999999999951 0.02 0.9164937785463463 0.9164937785463463 4.175311072682681 4.175311072682685
4.369999999999951 0.02 0.9163104981192907 0.9163104981192907 4.184475094035463 4.184475094035466
4.379999999999951 0.02 0.916127254344655 0.916127254344655 4.193637282767241 4.193637282767249
4.389999999999951 0.02 0.9159440472151098 0.9159440472151098 4.202797639244506 4.20279763924451
4.399999999999951 0.02 0.9157608767233265 0.9157608767233265 4.211956163833669 4.211956163833674
4.40999999999995 0.02 0.9155777428619785 0.9155777428619785 4.221112856901073 4.221112856901077
4.41999999999995 0.02 0.9153946456237402 0.9153946456237402 4.230267718812986 4.230267718812991
4.42999999999995 0.02 0.915211585001288 0.915211585001288 4.239420749935601 4.239420749935602
4.43999999999995 0.02 0.9150285609872991 0.9150285609872991 4.248571950635039 4.248571950635044
4.44999999999995 0.02 0.914845573574453 0.914845573574453 4.25772132127735 4.257721321277352
4.459999999999949 0.02 0.9146626227554298 0.9146626227554298 4.266868862228507 4.266868862228512
4.469999999999949 0.02 0.9144797085229117 0.9144797085229117 4.276014573854413 4.276014573854414
4.479999999999949 0.02 0.914296830869582 0.914296830869582 4.285158456520896 4.285158456520898
4.489999999999949 0.02 0.9141139897881257 0.9141139897881257 4.29430051059371 4.294300510593713
4.499999999999948 0.02 0.9139311852712291 0.9139311852712291 4.30344073643854 4.303440736438546
4.509999999999948 0.02 0.9137484173115801 0.9137484173115801 4.312579134420992 4.312579134420996
4.519999999999948 0.02 0.9135656859018678 0.9135656859018678 4.321715704906604 4.321715704906609
4.529999999999948 0.02 0.9133829910347832 0.9133829910347832 4.330850448260838 4.330850448260843
4.539999999999948 0.02 0.9132003327030183 0.9132003327030183 4.339983364849084 4.339983364849087
4.549999999999947 0.02 0.9130177108992668 0.9130177108992668 4.349114455036657 4.349114455036662
4.559999999999947 0.02 0.9128351256162238 0.9128351256162238 4.358243719188804 4.358243719188809
4.569999999999947 0.02 0.9126525768465861 0.9126525768465861 4.367371157670693 4.367371157670696
4.579999999999947 0.02 0.9124700645830515 0.9124700645830515 4.376496770847423 4.376496770847426
4.589999999999947 0.02 0.9122875888183196 0.9122875888183196 4.385620559084017 4.385620559084019
4.599999999999946 0.02 0.9121051495450914 0.9121051495450914 4.394742522745426 4.394742522745432
4.609999999999946 0.02 0.9119227467560693 0.9119227467560693 4.403862662196532 4.403862662196533
4.619999999999946 0.02 0.9117403804439571 0.9117403804439572 4.412980977802138 4.412980977802139
4.629999999999946 0.02 0.9115580506014604 0.9115580506014604 4.422097469926976 4.422097469926977
4.639999999999946 0.02 0.9113757572212857 0.9113757572212857 4.431212138935708 4.431212138935714
4.649999999999945 0.02 0.9111935002961415 0.9111935002961415 4.440324985192918 4.440324985192922
4.659999999999945 0.02 0.9110112798187374 0.9110112798187374 4.449436009063122 4.449436009063129
4.669999999999945 0.02 0.9108290957817847 0.9108290957817847 4.458545210910761 4.458545210910764
4.679999999999945 0.02 0.9106469481779959 0.9106469481779959 4.467652591100202 4.467652591100207
4.689999999999944 0.02 0.9104648370000851 0.9104648370000851 4.47675814999574 4.476758149995747
4.699999999999944 0.02 0.910282762240768 0.910282762240768 4.485861887961598 4.485861887961601
4.709999999999944 0.02 0.9101007238927614 0.9101007238927614 4.494963805361926 4.494963805361929
4.719999999999944 0.02 0.9099187219487839 0.9099187219487839 4.5040639025608 4.504063902560806
4.729999999999944 0.02 0.9097367564015555 0.9097367564015555 4.513162179922223 4.513162179922225
4.739999999999943 0.02 0.9095548272437973 0.9095548272437973 4.522258637810129 4.522258637810133
4.749999999999943 0.02 0.9093729344682324 0.9093729344682324 4.531353276588373 4.531353276588379
4.759999999999943 0.02 0.909191078067585 0.909191078067585 4.540446096620743 4.540446096620748
4.769999999999943 0.02 0.9090092580345809 0.9090092580345809 4.54953709827095 4.549537098270956
4.779999999999943 0.02 0.9088274743619472 0.9088274743619472 4.558626281902635 4.558626281902639
4.789999999999942 0.02 0.9086457270424126 0.9086457270424126 4.567713647879366 4.567713647879367
4.799999999999942 0.02 0.9084640160687072 0.9084640160687072 4.576799196564636 4.57679919656464
4.809999999999942 0.02 0.9082823414335626 0.9082823414335626 4.585882928321868 4.585882928321872
4.819999999999942 0.02 0.9081007031297117 0.9081007031297117 4.594964843514411 4.594964843514415
4.829999999999941 0.02 0.9079191011498891 0.9079191011498891 4.604044942505542 4.604044942505547
4.839999999999941 0.02 0.9077375354868307 0.9077375354868307 4.613123225658464 4.613123225658466
4.849999999999941 0.02 0.9075560061332737 0.9075560061332737 4.622199693336309 4.622199693336315
4.859999999999941 0.02 0.9073745130819572 0.9073745130819572 4.631274345902137 4.631274345902142
4.869999999999941 0.02 0.9071930563256213 0.9071930563256213 4.640347183718932 4.640347183718935
4.87999999999994 0.02 0.9070116358570077 0.9070116358570077 4.649418207149608 4.649418207149614
4.88999999999994 0.02 0.9068302516688598 0.9068302516688598 4.658487416557007 4.658487416557011
4.89999999999994 0.02 0.906648903753922 0.906648903753922 4.667554812303895 4.667554812303898
4.90999999999994 0.02 0.9064675921049405 0.9064675921049405 4.676620394752971 4.676620394752972
4.91999999999994 0.02 0.9062863167146628 0.9062863167146628 4.685684164266856 4.685684164266863
4.929999999999939 0.02 0.9061050775758379 0.9061050775758379 4.694746121208102 4.694746121208104
4.939999999999939 0.02 0.9059238746812162 0.9059238746812162 4.703806265939186 4.703806265939192
4.949999999999939 0.02 0.9057427080235496 0.9057427080235496 4.712864598822516 4.712864598822519
4.959999999999939 0.02 0.9055615775955914 0.9055615775955914 4.721921120220423 4.721921120220429
4.969999999999938 0.02 0.9053804833900966 0.9053804833900966 4.730975830495169 4.730975830495171
4.979999999999938 0.02 0.9051994253998211 0.9051994253998211 4.740028730008942 4.740028730008944
4.989999999999938 0.02 0.9050184036175227 0.9050184036175227 4.749079819123859 4.749079819123864
4.999999999999938 0.02 0.9048374180359607 0.9048374180359607 4.758129098201961 4.758129098201963
5.009999999999938 0.02 0.9046564686478955 0.9046564686478955 4.76717656760522 4.767176567605224
5.019999999999937 0.02 0.9044755554460892 0.9044755554460892 4.776222227695538 4.776222227695542
5.029999999999937 0.02 0.9042946784233051 0.9042946784233051 4.785266078834738 4.785266078834743
5.039999999999937 0.02 0.9041138375723083 0.9041138375723083 4.794308121384576 4.794308121384582
5.049999999999937 0.02 0.9039330328858652 0.9039330328858652 4.803348355706732 4.803348355706738
5.059999999999937 0.02 0.9037522643567435 0.9037522643567435 4.812386782162817 4.812386782162825
5.069999999999936 0.02 0.9035715319777126 0.9035715319777126 4.821423401114367 4.821423401114372
5.079999999999936 0.02 0.9033908357415429 0.9033908357415429 4.830458212922847 4.830458212922855
5.089999999999936 0.02 0.9032101756410069 0.9032101756410069 4.83949121794965 4.839491217949654
5.099999999999936 0.02 0.903029551668878 0.903029551668878 4.848522416556095 4.8485224165561
5.109999999999935 0.02 0.9028489638179312 0.9028489638179312 4.857551809103431 4.857551809103438
5.119999999999935 0.02 0.9026684120809432 0.9026684120809432 4.866579395952833 4.866579395952841
5.129999999999935 0.02 0.9024878964506917 0.9024878964506917 4.875605177465405 4.875605177465414
5.139999999999935 0.02 0.9023074169199563 0.9023074169199563 4.884629154002178 4.884629154002185
5.149999999999935 0.02 0.9021269734815176 0.9021269734815176 4.893651325924112 4.89365132592412
5.159999999999934 0.02 0.901946566128158 0.901946566128158 4.902671693592092 4.902671693592097
5.169999999999934 0.02 0.9017661948526612 0.9017661948526612 4.911690257366934 4.91169025736694
5.179999999999934 0.02 0.9015858596478122 0.9015858596478122 4.92070701760938 4.920707017609388
5.189999999999934 0.02 0.9014055605063979 0.9014055605063979 4.929721974680101 4.929721974680107
5.199999999999934 0.02 0.9012252974212059 0.9012252974212059 4.938735128939695 4.938735128939703
5.209999999999933 0.02 0.9010450703850261 0.9010450703850261 4.947746480748688 4.947746480748694
5.219999999999933 0.02 0.9008648793906492 0.9008648793906492 4.956756030467535 4.956756030467541
5.229999999999933 0.02 0.9006847244308676 0.9006847244308676 4.965763778456616 4.965763778456622
5.239999999999933 0.02 0.900504605498475 0.900504605498475 4.974769725076243 4.97476972507625
5.249999999999932 0.02 0.9003245225862668 0.9003245225862668 4.983773870686653 4.983773870686658
5.259999999999932 0.02 0.9001444756870397 0.9001444756870397 4.992776215648012 4.992776215648015
5.269999999999932 0.02 0.8999644647935916 0.8999644647935916 5.001776760320412 5.00177676032042
5.279999999999932 0.02 0.8997844898987223 0.8997844898987223 5.010775505063878 5.010775505063886
5.289999999999932 0.02 0.8996045509952327 0.8996045509952327 5.019772450238357 5.019772450238364
5.299999999999931 0.02 0.8994246480759253 0.8994246480759253 5.028767596203729 5.028767596203737
5.309999999999931 0.02 0.8992447811336038 0.8992447811336038 5.037760943319799 5.037760943319808
5.319999999999931 0.02 0.8990649501610739 0.8990649501610739 5.0467524919463 5.046752491946305
5.329999999999931 0.02 0.898885155151142 0.898885155151142 5.055742242442895 5.055742242442901
5.339999999999931 0.02 0.8987053960966164 0.8987053960966164 5.064730195169174 5.064730195169181
5.34999999999993 0.02 0.8985256729903068 0.8985256729903068 5.073716350484655 5.073716350484658
5.35999999999993 0.02 0.8983459858250242 0.8983459858250242 5.082700708748783 5.082700708748789
5.36999999999993 0.02 0.8981663345935812 0.8981663345935812 5.091683270320934 5.09168327032094
5.37999999999993 0.02 0.8979867192887917 0.8979867192887917 5.10066403556041 5.100664035560415
5.38999999999993 0.02 0.8978071399034711 0.8978071399034711 5.109643004826442 5.109643004826447
5.399999999999929 0.02 0.8976275964304361 0.8976275964304361 5.118620178478187 5.118620178478195
5.409999999999929 0.02 0.8974480888625052 0.8974480888625052 5.127595556874733 5.127595556874742
5.419999999999929 0.02 0.897268617192498 0.897268617192498 5.136569140375096 5.136569140375102
5.429999999999929 0.02 0.8970891814132355 0.8970891814132355 5.145540929338218 5.145540929338227
5.439999999999928 0.02 0.8969097815175404 0.8969097815175404 5.154510924122972 5.154510924122979
5.449999999999928 0.02 0.8967304174982368 0.8967304174982368 5.163479125088157 5.163479125088161
5.459999999999928 0.02 0.8965510893481499 0.8965510893481499 5.172445532592501 5.172445532592507
5.469999999999928 0.02 0.8963717970601067 0.8963717970601067 5.18141014699466 5.181410146994664
5.479999999999928 0.02 0.8961925406269355 0.8961925406269355 5.190372968653219 5.190372968653223
5.489999999999927 0.02 0.8960133200414661 0.8960133200414661 5.199333997926691 5.199333997926697
5.499999999999927 0.02 0.8958341352965296 0.8958341352965296 5.208293235173516 5.208293235173522
5.509999999999927 0.02 0.8956549863849586 0.8956549863849586 5.217250680752065 5.217250680752072
5.519999999999927 0.02 0.8954758732995871 0.8954758732995871 5.226206335020636 5.226206335020644
5.529999999999927 0.02 0.8952967960332509 0.8952967960332509 5.235160198337454 5.235160198337457
5.539999999999926 0.02 0.8951177545787864 0.8951177545787864 5.244112271060673 5.24411227106068
5.549999999999926 0.02 0.8949387489290324 0.8949387489290324 5.253062553548378 5.253062553548382
5.559999999999926 0.02 0.8947597790768284 0.8947597790768284 5.262011046158579 5.262011046158582
5.569999999999926 0.02 0.8945808450150156 0.8945808450150156 5.270957749249215 5.270957749249222
5.579999999999925 0.02 0.8944019467364368 0.8944019467364368 5.279902663178156 5.279902663178159
5.589999999999925 0.02 0.8942230842339359 0.8942230842339359 5.288845788303197 5.288845788303203
5.599999999999925 0.02 0.8940442575003585 0.8940442575003585 5.297787124982064 5.297787124982073
5.609999999999925 0.02 0.8938654665285517 0.8938654665285517 5.30672667357241 5.306726673572415
5.619999999999925 0.02 0.8936867113113636 0.8936867113113636 5.315664434431817 5.315664434431821
5.629999999999924 0.02 0.893507991841644 0.893507991841644 5.324600407917795 5.324600407917801
5.639999999999924 0.02 0.8933293081122442 0.8933293081122442 5.333534594387784 5.33353459438779
5.649999999999924 0.02 0.8931506601160168 0.8931506601160168 5.34246699419915 5.342466994199158
5.659999999999924 0.02 0.8929720478458161 0.8929720478458161 5.35139760770919 5.351397607709196
5.669999999999924 0.02 0.8927934712944973 0.8927934712944973 5.360326435275129 5.360326435275137
5.679999999999923 0.02 0.8926149304549175 0.8926149304549175 5.369253477254119 5.369253477254126
5.689999999999923 0.02 0.8924364253199351 0.8924364253199351 5.378178734003242 5.378178734003247
5.699999999999923 0.02 0.8922579558824097 0.8922579558824097 5.387102205879509 5.387102205879512
5.709999999999923 0.02 0.8920795221352027 0.8920795221352027 5.396023893239859 5.396023893239865
5.719999999999922 0.02 0.8919011240711767 0.8919011240711767 5.404943796441157 5.404943796441164
5.729999999999922 0.02 0.8917227616831959 0.8917227616831959 5.413861915840201 5.413861915840207
5.739999999999922 0.02 0.8915444349641255 0.8915444349641255 5.422778251793717 5.422778251793725
5.749999999999922 0.02 0.8913661439068328 0.8913661439068328 5.431692804658356 5.431692804658361
5.759999999999922 0.02 0.8911878885041858 0.8911878885041858 5.440605574790702 5.440605574790708
5.769999999999921 0.02 0.8910096687490546 0.8910096687490546 5.449516562547265 5.449516562547268
5.779999999999921 0.02 0.8908314846343102 0.8908314846343102 5.458425768284484 5.458425768284491
5.789999999999921 0.02 0.8906533361528253 0.8906533361528254 5.467333192358727 5.467333192358731
5.799999999999921 0.02 0.890475223297474 0.890475223297474 5.476238835126294 5.476238835126301
5.809999999999921 0.02 0.8902971460611318 0.8902971460611318 5.485142696943407 5.485142696943412
5.81999999999992 0.02 0.8901191044366754 0.8901191044366754 5.494044778166222 5.494044778166229
5.82999999999992 0.02 0.8899410984169834 0.8899410984169834 5.502945079150822 5.502945079150829
5.83999999999992 0.02 0.8897631279949355 0.8897631279949355 5.51184360025322 5.511843600253225
5.84999999999992 0.02 0.8895851931634128 0.8895851931634128 5.520740341829356 5.520740341829361
5.859999999999919 0.02 0.8894072939152979 0.8894072939152979 5.529635304235099 5.529635304235103
5.869999999999919 0.02 0.8892294302434749 0.8892294302434749 5.538528487826249 5.538528487826255
5.879999999999919 0.02 0.8890516021408292 0.8890516021408292 5.547419892958533 5.547419892958538
5.889999999999919 0.02 0.8888738096002478 0.8888738096002478 5.556309519987606 5.556309519987612
5.899999999999919 0.02 0.8886960526146188 0.8886960526146188 5.565197369269054 5.565197369269059
5.909999999999918 0.02 0.8885183311768321 0.8885183311768321 5.574083441158391 5.574083441158395
5.919999999999918 0.02 0.8883406452797787 0.8883406452797787 5.582967736011059 5.582967736011063
5.929999999999918 0.02 0.8881629949163512 0.8881629949163513 5.591850254182432 5.591850254182434
5.939999999999918 0.02 0.8879853800794437 0.8879853800794437 5.600730996027807 5.600730996027814
5.949999999999918 0.02 0.8878078007619515 0.8878078007619515 5.609609961902417 5.609609961902423
5.959999999999917 0.02 0.8876302569567714 0.8876302569567714 5.61848715216142 5.618487152161427
5.969999999999917 0.02 0.8874527486568018 0.8874527486568018 5.627362567159904 5.62736256715991
5.979999999999917 0.02 0.8872752758549423 0.8872752758549423 5.636236207252883 5.636236207252887
5.989999999999917 0.02 0.8870978385440937 0.8870978385440937 5.645108072795305 5.645108072795312
5.999999999999917 0.02 0.886920436717159 0.886920436717159 5.653978164142044 5.653978164142048
6.009999999999916 0.02 0.8867430703670418 0.8867430703670418 5.662846481647901 5.662846481647909
6.019999999999916 0.02 0.8865657394866475 0.8865657394866475 5.671713025667614 5.671713025667624
6.029999999999916 0.02 0.886388444068883 0.886388444068883 5.680577796555842 5.680577796555852
6.039999999999916 0.02 0.8862111841066563 0.8862111841066563 5.689440794667177 5.689440794667183
6.049999999999915 0.02 0.8860339595928771 0.8860339595928771 5.698302020356136 5.698302020356144
6.059999999999915 0.02 0.8858567705204564 0.8858567705204564 5.707161473977171 5.707161473977179
6.069999999999915 0.02 0.8856796168823066 0.8856796168823067 5.71601915588466 5.716019155884666
6.079999999999915 0.02 0.8855024986713417 0.8855024986713417 5.724875066432908 5.724875066432916
6.089999999999915 0.02 0.8853254158804768 0.8853254158804768 5.733729205976153 5.733729205976163
6.099999999999914 0.02 0.8851483685026286 0.8851483685026286 5.74258157486856 5.742581574868572
6.109999999999914 0.02 0.8849713565307153 0.8849713565307153 5.751432173464225 5.751432173464233
6.119999999999914 0.02 0.8847943799576564 0.8847943799576564 5.76028100211717 5.760281002117179
6.129999999999914 0.02 0.8846174387763728 0.8846174387763728 5.76912806118135 5.769128061181361
6.139999999999914 0.02 0.8844405329797869 0.8844405329797869 5.777973351010647 5.777973351010656
6.149999999999913 0.02 0.8842636625608223 0.8842636625608224 5.786816871958871 5.786816871958878
6.159999999999913 0.02 0.8840868275124045 0.8840868275124045 5.795658624379764 5.795658624379773
6.169999999999913 0.02 0.8839100278274599 0.8839100278274599 5.804498608626997 5.804498608627006
6.179999999999913 0.02 0.8837332634989165 0.8837332634989165 5.813336825054168 5.813336825054177
6.189999999999912 0.02 0.8835565345197037 0.8835565345197037 5.822173274014806 5.822173274014814
6.199999999999912 0.02 0.8833798408827525 0.8833798408827525 5.831007955862369 5.831007955862377
6.209999999999912 0.02 0.8832031825809949 0.8832031825809949 5.839840870950245 5.839840870950252
6.219999999999912 0.02 0.8830265596073649 0.8830265596073649 5.848672019631749 5.848672019631756
6.229999999999912 0.02 0.8828499719547972 0.8828499719547972 5.857501402260128 5.85750140226014
6.239999999999911 0.02 0.8826734196162287 0.8826734196162287 5.866329019188559 5.866329019188565
6.249999999999911 0.02 0.882496902584597 0.882496902584597 5.875154870770142 5.87515487077015
6.259999999999911 0.02 0.8823204208528415 0.8823204208528415 5.883978957357916 5.883978957357927
6.269999999999911 0.02 0.882143974413903 0.882143974413903 5.892801279304842 5.892801279304849
6.279999999999911 0.02 0.8819675632607236 0.8819675632607236 5.901621836963812 5.901621836963821
6.28999999999991 0.02 0.8817911873862467 0.8817911873862467 5.910440630687652 5.910440630687663
6.29999999999991 0.02 0.8816148467834176 0.8816148467834176 5.91925766082911 5.919257660829119
6.30999999999991 0.02 0.8814385414451824 0.8814385414451824 5.928072927740868 5.928072927740879
6.31999999999991 0.02 0.8812622713644891 0.8812622713644891 5.936886431775538 5.936886431775545
6.329999999999909 0.02 0.8810860365342866 0.8810860365342866 5.945698173285659 5.945698173285669
6.339999999999909 0.02 0.8809098369475258 0.8809098369475258 5.954508152623702 5.954508152623711
6.349999999999909 0.02 0.8807336725971585 0.8807336725971585 5.963316370142064 5.963316370142074
6.359999999999909 0.02 0.8805575434761382 0.8805575434761383 5.972122826193075 5.972122826193083
6.369999999999909 0.02 0.8803814495774199 0.8803814495774199 5.980927521128994 5.980927521129003
6.379999999999908 0.02 0.8802053908939597 0.8802053908939597 5.989730455302007 5.989730455302017
6.389999999999908 0.02 0.8800293674187152 0.8800293674187152 5.998531629064233 5.998531629064241
6.399999999999908 0.02 0.8798533791446455 0.8798533791446455 6.007331042767719 6.007331042767727
6.409999999999908 0.02 0.879677426064711 0.879677426064711 6.01612869676444 6.01612869676445
6.419999999999908 0.02 0.8795015081718738 0.8795015081718738 6.024924591406303 6.024924591406311
6.429999999999907 0.02 0.879325625459097 0.879325625459097 6.033718727045144 6.033718727045151
6.439999999999907 0.02 0.8791497779193452 0.8791497779193452 6.042511104032728 6.042511104032738
6.449999999999907 0.02 0.8789739655455848 0.8789739655455848 6.05130172272075 6.051301722720758
6.459999999999907 0.02 0.878798188330783 0.878798188330783 6.060090583460836 6.060090583460847
6.469999999999906 0.02 0.878622446267909 0.8786224462679091 6.068877686604539 6.068877686604545
6.479999999999906 0.02 0.878446739349933 0.878446739349933 6.077663032503343 6.07766303250335
6.489999999999906 0.02 0.8782710675698265 0.8782710675698265 6.086446621508664 6.086446621508673
6.499999999999906 0.02 0.878095430920563 0.878095430920563 6.095228453971842 6.095228453971852
6.509999999999906 0.02 0.8779198293951167 0.8779198293951167 6.104008530244154 6.104008530244164
6.519999999999905 0.02 0.8777442629864638 0.8777442629864638 6.1127868506768 6.11278685067681
6.529999999999905 0.02 0.8775687316875815 0.8775687316875815 6.121563415620915 6.121563415620923
6.539999999999905 0.02 0.8773932354914487 0.8773932354914487 6.13033822542756 6.130338225427567
6.549999999999905 0.02 0.8772177743910452 0.8772177743910452 6.13911128044773 6.139111280447739
6.559999999999905 0.02 0.8770423483793529 0.8770423483793529 6.147882581032343 6.147882581032355
6.569999999999904 0.02 0.8768669574493547 0.8768669574493547 6.156652127532255 6.156652127532264
6.579999999999904 0.02 0.8766916015940349 0.8766916015940349 6.165419920298246 6.165419920298254
6.589999999999904 0.02 0.8765162808063792 0.8765162808063792 6.174185959681028 6.174185959681039
6.599999999999904 0.02 0.876340995079375 0.876340995079375 6.182950246031242 6.182950246031249
6.609999999999904 0.02 0.8761657444060106 0.8761657444060106 6.19171277969946 6.191712779699471
6.619999999999903 0.02 0.8759905287792762 0.8759905287792762 6.200473561036183 6.200473561036191
6.629999999999903 0.02 0.8758153481921629 0.875815348192163 6.209232590391844 6.20923259039185
6.639999999999903 0.02 0.8756402026376637 0.8756402026376637 6.217989868116802 6.217989868116813
6.649999999999903 0.02 0.8754650921087729 0.8754650921087729 6.226745394561349 6.226745394561356
6.659999999999902 0.02 0.8752900165984857 0.8752900165984857 6.235499170075705 6.235499170075714
6.669999999999902 0.02 0.8751149760997994 0.8751149760997994 6.244251195010023 6.244251195010031
6.679999999999902 0.02 0.8749399706057122 0.8749399706057122 6.253001469714383 6.253001469714392
6.689999999999902 0.02 0.8747650001092239 0.8747650001092239 6.261749994538796 6.261749994538807
6.699999999999902 0.02 0.8745900646033358 0.8745900646033358 6.270496769833203 6.270496769833211
6.709999999999901 0.02 0.8744151640810504 0.8744151640810504 6.279241795947475 6.279241795947482
6.719999999999901 0.02 0.8742402985353716 0.8742402985353716 6.287985073231412 6.287985073231423
6.729999999999901 0.02 0.8740654679593048 0.8740654679593048 6.296726602034747 6.296726602034758
6.739999999999901 0.02 0.873890672345857 0.873890672345857 6.30546638270714 6.305466382707148
6.749999999999901 0.02 0.8737159116880362 0.8737159116880362 6.314204415598183 6.31420441559819
6.7599999999999 0.02 0.8735411859788519 0.8735411859788519 6.322940701057396 6.322940701057406
6.7699999999999 0.02 0.8733664952113152 0.8733664952113152 6.331675239434231 6.331675239434242
6.7799999999999 0.02 0.8731918393784384 0.8731918393784384 6.340408031078071 6.340408031078081
6.7899999999999 0.02 0.8730172184732353 0.8730172184732353 6.349139076338226 6.349139076338234
6.799999999999899 0.02 0.8728426324887211 0.8728426324887211 6.357868375563937 6.357868375563946
6.809999999999899 0.02 0.8726680814179123 0.8726680814179123 6.366595929104378 6.366595929104385
6.819999999999899 0.02 0.8724935652538268 0.8724935652538268 6.375321737308651 6.375321737308659
6.829999999999899 0.02 0.8723190839894841 0.8723190839894841 6.384045800525787 6.384045800525795
6.839999999999899 0.02 0.8721446376179048 0.8721446376179048 6.392768119104749 6.392768119104758
6.849999999999898 0.02 0.8719702261321112 0.8719702261321112 6.40148869339443 6.401488693394441
6.859999999999898 0.02 0.8717958495251267 0.8717958495251268 6.410207523743654 6.410207523743661
6.869999999999898 0.02 0.8716215077899764 0.8716215077899764 6.418924610501172 6.418924610501181
6.879999999999898 0.02 0.8714472009196864 0.8714472009196864 6.427639954015669 6.427639954015679
6.889999999999898 0.02 0.8712729289072847 0.8712729289072847 6.436353554635758 6.436353554635765
6.899999999999897 0.02 0.8710986917458001 0.8710986917458001 6.445065412709984 6.445065412709994
6.909999999999897 0.02 0.8709244894282634 0.8709244894282634 6.453775528586821 6.453775528586831
6.919999999999897 0.02 0.8707503219477064 0.8707503219477064 6.462483902614673 6.46248390261468
6.929999999999897 0.02 0.8705761892971623 0.8705761892971623 6.471190535141875 6.471190535141885
6.939999999999896 0.02 0.870402091469666 0.870402091469666 6.479895426516692 6.479895426516702
6.949999999999896 0.02 0.8702280284582534 0.8702280284582534 6.488598577087322 6.488598577087329
6.959999999999896 0.02 0.870054000255962 0.870054000255962 6.497299987201887 6.497299987201899
6.969999999999896 0.02 0.8698800068558309 0.8698800068558309 6.505999657208448 6.505999657208456
6.979999999999896 0.02 0.8697060482509 0.8697060482509 6.514697587454988 6.514697587454998
6.989999999999895 0.02 0.8695321244342112 0.8695321244342114 6.523393778289425 6.523393778289432
6.999999999999895 0.02 0.8693582353988076 0.8693582353988076 6.532088230059609 6.532088230059618
7.009999999999895 0.02 0.8691843811377334 0.8691843811377334 6.540780943113316 6.540780943113328
7.019999999999895 0.02 0.8690105616440347 0.8690105616440348 6.549471917798251 6.549471917798261
7.029999999999895 0.02 0.8688367769107586 0.8688367769107586 6.558161154462061 6.558161154462072
7.039999999999894 0.02 0.8686630269309535 0.8686630269309535 6.566848653452311 6.566848653452323
7.049999999999894 0.02 0.8684893116976697 0.8684893116976697 6.575534415116501 6.575534415116513
7.059999999999894 0.02 0.8683156312039585 0.8683156312039585 6.584218439802062 6.584218439802076
7.069999999999894 0.02 0.8681419854428726 0.8681419854428726 6.592900727856356 6.592900727856371
7.079999999999893 0.02 0.8679683744074663 0.8679683744074663 6.601581279626672 6.601581279626684
7.089999999999893 0.02 0.8677947980907951 0.8677947980907951 6.610260095460234 6.610260095460246
7.099999999999893 0.02 0.8676212564859159 0.8676212564859159 6.618937175704193 6.618937175704204
7.109999999999893 0.02 0.867447749585887 0.8674477495858871 6.627612520705634 6.627612520705645
7.119999999999893 0.02 0.8672742773837684 0.8672742773837684 6.636286130811571 6.63628613081158
7.129999999999892 0.02 0.8671008398726208 0.8671008398726209 6.644958006368946 6.644958006368956
7.139999999999892 0.02 0.866927437045507 0.866927437045507 6.653628147724636 6.65362814772465
7.149999999999892 0.02 0.8667540688954908 0.8667540688954908 6.662296555225446 6.662296555225461
7.159999999999892 0.02 0.8665807354156375 0.8665807354156375 6.670963229218112 6.670963229218124
7.169999999999892 0.02 0.8664074365990136 0.8664074365990136 6.679628170049303 6.679628170049318
7.179999999999891 0.02 0.8662341724386875 0.8662341724386875 6.688291378065613 6.688291378065625
7.189999999999891 0.02 0.8660609429277283 0.8660609429277283 6.696952853613574 6.696952853613586
7.199999999999891 0.02 0.8658877480592069 0.8658877480592069 6.705612597039642 6.705612597039656
7.209999999999891 0.02 0.8657145878261956 0.8657145878261956 6.714270608690209 6.71427060869022
7.219999999999891 0.02 0.8655414622217679 0.8655414622217679 6.722926888911594 6.722926888911607
7.22999999999989 0.02 0.8653683712389988 0.8653683712389988 6.73158143805005 6.73158143805006
7.23999999999989 0.02 0.8651953148709646 0.8651953148709647 6.740234256451757 6.740234256451766
7.24999999999989 0.02 0.8650222931107432 0.8650222931107432 6.748885344462828 6.74888534446284
7.25999999999989 0.02 0.8648493059514136 0.8648493059514136 6.757534702429307 6.757534702429319
7.269999999999889 0.02 0.8646763533860563 0.8646763533860564 6.766182330697169 6.766182330697179
7.279999999999889 0.02 0.8645034354077533 0.8645034354077534 6.774828229612318 6.774828229612329
7.289999999999889 0.02 0.864330552009588 0.864330552009588 6.783472399520591 6.783472399520601
7.299999999999889 0.02 0.8641577031846447 0.8641577031846447 6.792114840767754 6.792114840767765
7.309999999999889 0.02 0.8639848889260097 0.8639848889260097 6.800755553699505 6.800755553699517
7.319999999999888 0.02 0.8638121092267703 0.8638121092267703 6.809394538661472 6.809394538661484
7.329999999999888 0.02 0.8636393640800154 0.8636393640800155 6.818031795999214 6.818031795999224
7.339999999999888 0.02 0.8634666534788353 0.8634666534788353 6.826667326058224 6.826667326058233
7.349999999999888 0.02 0.8632939774163213 0.8632939774163213 6.83530112918392 6.835301129183935
7.359999999999888 0.02 0.8631213358855666 0.8631213358855666 6.843933205721656 6.84393320572167
7.369999999999887 0.02 0.8629487288796654 0.8629487288796654 6.852563556016714 6.852563556016728
7.379999999999887 0.02 0.8627761563917136 0.8627761563917136 6.861192180414308 6.861192180414322
7.389999999999887 0.02 0.862603618414808 0.862603618414808 6.869819079259584 6.869819079259598
7.399999999999887 0.02 0.8624311149420474 0.8624311149420474 6.878444252897618 6.878444252897631
7.409999999999886 0.02 0.8622586459665315 0.8622586459665315 6.887067701673415 6.887067701673427
7.419999999999886 0.02 0.8620862114813614 0.8620862114813614 6.895689425931916 6.895689425931928
7.429999999999886 0.02 0.86191381147964 0.86191381147964 6.904309426017988 6.904309426018002
7.439999999999886 0.02 0.8617414459544711 0.8617414459544711 6.912927702276431 6.912927702276445
7.449999999999886 0.02 0.8615691148989603 0.8615691148989603 6.921544255051975 6.921544255051987
7.459999999999885 0.02 0.8613968183062141 0.8613968183062141 6.930159084689285 6.930159084689297
7.469999999999885 0.02 0.8612245561693407 0.8612245561693407 6.938772191532952 6.938772191532966
7.479999999999885 0.02 0.8610523284814497 0.8610523284814497 6.947383575927502 6.947383575927512
7.489999999999885 0.02 0.860880135235652 0.860880135235652 6.955993238217387 6.955993238217401
7.499999999999885 0.02 0.8607079764250598 0.8607079764250598 6.964601178746998 6.964601178747009
7.509999999999884 0.02 0.8605358520427867 0.8605358520427867 6.97320739786065 6.973207397860665
7.519999999999884 0.02 0.8603637620819479 0.860363762081948 6.981811895902592 6.981811895902601
7.529999999999884 0.02 0.8601917065356597 0.8601917065356597 6.990414673217003 6.990414673217016
7.539999999999884 0.02 0.8600196853970398 0.8600196853970398 6.999015730147996 6.999015730148011
7.549999999999883 0.02 0.8598476986592075 0.8598476986592075 7.007615067039613 7.007615067039624
7.559999999999883 0.02 0.8596757463152832 0.8596757463152832 7.016212684235827 7.01621268423584
7.569999999999883 0.02 0.8595038283583889 0.8595038283583889 7.024808582080542 7.024808582080555
7.579999999999883 0.02 0.8593319447816479 0.8593319447816479 7.033402760917594 7.033402760917606
7.589999999999883 0.02 0.8591600955781847 0.8591600955781847 7.041995221090752 7.041995221090763
7.599999999999882 0.02 0.8589882807411255 0.8589882807411255 7.050585962943712 7.050585962943723
7.609999999999882 0.02 0.8588165002635976 0.8588165002635977 7.059174986820106 7.059174986820116
7.619999999999882 0.02 0.8586447541387299 0.8586447541387299 7.067762293063493 7.067762293063506
7.629999999999882 0.02 0.8584730423596524 0.8584730423596525 7.076347882017366 7.076347882017375
7.639999999999882 0.02 0.8583013649194967 0.8583013649194968 7.084931754025149 7.084931754025159
7.649999999999881 0.02 0.8581297218113958 0.8581297218113958 7.093513909430196 7.09351390943021
7.659999999999881 0.02 0.8579581130284839 0.8579581130284839 7.102094348575793 7.102094348575805
7.669999999999881 0.02 0.8577865385638965 0.8577865385638965 7.110673071805159 7.110673071805174
7.679999999999881 0.02 0.8576149984107709 0.8576149984107709 7.119250079461443 7.119250079461453
7.68999999999988 0.02 0.8574434925622453 0.8574434925622453 7.127825371887724 7.127825371887736
7.69999999999988 0.02 0.8572720210114595 0.8572720210114595 7.136398949427013 7.136398949427025
7.70999999999988 0.02 0.8571005837515546 0.8571005837515546 7.144970812422255 7.144970812422269
7.71999999999988 0.02 0.8569291807756733 0.8569291807756733 7.153540961216324 7.153540961216337
7.72999999999988 0.02 0.8567578120769592 0.8567578120769592 7.162109396152026 7.162109396152038
7.739999999999879 0.02 0.8565864776485578 0.8565864776485578 7.170676117572097 7.170676117572111
7.749999999999879 0.02 0.8564151774836156 0.8564151774836156 7.179241125819208 7.179241125819219
7.759999999999879 0.02 0.8562439115752806 0.8562439115752806 7.187804421235958 7.187804421235971
7.769999999999879 0.02 0.8560726799167021 0.8560726799167022 7.196366004164878 7.196366004164889
7.779999999999879 0.02 0.855901482501031 0.855901482501031 7.204925874948435 7.204925874948448
7.789999999999878 0.02 0.8557303193214194 0.8557303193214194 7.213484033929019 7.21348403392903
7.799999999999878 0.02 0.8555591903710206 0.8555591903710206 7.22204048144896 7.222040481448971
7.809999999999878 0.02 0.8553880956429895 0.8553880956429895 7.230595217850514 7.230595217850527
7.819999999999878 0.02 0.8552170351304823 0.8552170351304823 7.239148243475871 7.239148243475885
7.829999999999878 0.02 0.8550460088266567 0.8550460088266567 7.247699558667152 7.247699558667164
7.839999999999877 0.02 0.8548750167246716 0.8548750167246716 7.25624916376641 7.25624916376642
7.849999999999877 0.02 0.8547040588176872 0.8547040588176872 7.264797059115629 7.264797059115641
7.859999999999877 0.02 0.8545331350988653 0.8545331350988653 7.273343245056724 7.273343245056735
7.869999999999877 0.02 0.8543622455613689 0.8543622455613689 7.281887721931543 7.281887721931557
7.879999999999876 0.02 0.8541913901983624 0.8541913901983624 7.290430490081865 7.290430490081878
7.889999999999876 0.02 0.8540205690030117 0.8540205690030117 7.298971549849402 7.298971549849415
7.899999999999876 0.02 0.8538497819684838 0.8538497819684838 7.307510901575795 7.307510901575808
7.909999999999876 0.02 0.8536790290879473 0.8536790290879473 7.316048545602619 7.316048545602633
7.919999999999876 0.02 0.8535083103545722 0.8535083103545722 7.324584482271377 7.32458448227139
7.929999999999875 0.02 0.8533376257615295 0.8533376257615295 7.33311871192351 7.333118711923525
7.939999999999875 0.02 0.853166975301992 0.853166975301992 7.341651234900386 7.341651234900398
7.949999999999875 0.02 0.8529963589691336 0.8529963589691336 7.350182051543306 7.350182051543319
7.959999999999875 0.02 0.8528257767561297 0.8528257767561297 7.358711162193501 7.358711162193515
7.969999999999875 0.02 0.8526552286561569 0.8526552286561569 7.367238567192138 7.367238567192152
7.979999999999874 0.02 0.8524847146623935 0.8524847146623935 7.375764266880312 7.375764266880324
7.989999999999874 0.02 0.8523142347680187 0.8523142347680187 7.38428826159905 7.384288261599065
7.999999999999874 0.02 0.8521437889662135 0.8521437889662135 7.392810551689314 7.392810551689327
8.009999999999874 0.02 0.8519733772501599 0.8519733772501599 7.40133113749199 7.401331137492006
8.019999999999873 0.02 0.8518029996130415 0.8518029996130415 7.40985001934791 7.409850019347925
8.029999999999873 0.02 0.8516326560480432 0.8516326560480432 7.418367197597824 7.418367197597841
8.039999999999873 0.02 0.8514623465483513 0.8514623465483513 7.426882672582422 7.426882672582435
8.049999999999873 0.02 0.8512920711071533 0.8512920711071533 7.435396444642319 7.435396444642334
8.059999999999873 0.02 0.8511218297176383 0.8511218297176383 7.443908514118069 7.443908514118086
8.069999999999872 0.02 0.8509516223729966 0.8509516223729966 7.452418881350155 7.45241888135017
8.079999999999872 0.02 0.8507814490664198 0.8507814490664199 7.46092754667899 7.460927546679002
8.089999999999872 0.02 0.8506113097911013 0.8506113097911013 7.469434510444921 7.469434510444933
8.099999999999872 0.02 0.8504412045402352 0.8504412045402352 7.477939772988226 7.47793977298824
8.109999999999872 0.02 0.8502711333070173 0.8502711333070173 7.486443334649117 7.486443334649135
8.119999999999871 0.02 0.850101096084645 0.850101096084645 7.494945195767736 7.494945195767749
8.129999999999871 0.02 0.8499310928663165 0.8499310928663166 7.503445356684156 7.503445356684169
8.139999999999871 0.02 0.849761123645232 0.849761123645232 7.511943817738386 7.511943817738397
8.149999999999871 0.02 0.8495911884145925 0.8495911884145925 7.520440579270362 7.520440579270376
8.15999999999987 0.02 0.8494212871676006 0.8494212871676006 7.528935641619956 7.528935641619971
8.16999999999987 0.02 0.8492514198974603 0.8492514198974603 7.53742900512697 7.537429005126983
8.17999999999987 0.02 0.8490815865973769 0.8490815865973769 7.545920670131139 7.545920670131157
8.18999999999987 0.02 0.8489117872605572 0.8489117872605572 7.554410636972128 7.554410636972142
8.19999999999987 0.02 0.848742021880209 0.848742021880209 7.562898905989537 7.562898905989552
8.209999999999869 0.02 0.8485722904495417 0.8485722904495417 7.571385477522897 7.571385477522913
8.219999999999869 0.02 0.8484025929617662 0.8484025929617662 7.579870351911671 7.579870351911688
8.229999999999869 0.02 0.8482329294100946 0.8482329294100946 7.588353529495253 7.588353529495268
8.239999999999869 0.02 0.8480632997877403 0.8480632997877403 7.596835010612971 7.596835010612985
8.249999999999869 0.02 0.8478937040879181 0.8478937040879181 7.605314795604082 7.605314795604095
8.259999999999868 0.02 0.8477241423038441 0.8477241423038441 7.613792884807781 7.613792884807796
8.269999999999868 0.02 0.8475546144287359 0.8475546144287359 7.622269278563189 7.622269278563204
8.279999999999868 0.02 0.8473851204558125 0.8473851204558125 7.630743977209362 7.630743977209375
8.289999999999868 0.02 0.8472156603782939 0.8472156603782939 7.639216981085289 7.639216981085306
8.299999999999867 0.02 0.8470462341894018 0.8470462341894019 7.64768829052989 7.647688290529903
8.309999999999867 0.02 0.8468768418823593 0.8468768418823593 7.656157905882017 7.656157905882033
8.319999999999867 0.02 0.8467074834503906 0.8467074834503906 7.664625827480453 7.66462582748047
8.329999999999867 0.02 0.8465381588867213 0.8465381588867213 7.673092055663918 7.673092055663933
8.339999999999867 0.02 0.8463688681845785 0.8463688681845785 7.681556590771059 7.681556590771077
8.349999999999866 0.02 0.8461996113371906 0.8461996113371906 7.690019433140458 7.690019433140471
8.359999999999866 0.02 0.8460303883377871 0.8460303883377871 7.698480583110629 7.698480583110645
8.369999999999866 0.02 0.8458611991795993 0.8458611991795993 7.706940041020018 7.706940041020033
8.379999999999866 0.02 0.8456920438558596 0.8456920438558596 7.715397807207003 7.71539780720702
8.389999999999866 0.02 0.8455229223598019 0.8455229223598019 7.723853882009894 7.723853882009907
8.399999999999865 0.02 0.845353834684661 0.845353834684661 7.732308265766934 7.732308265766951
8.409999999999865 0.02 0.8451847808236737 0.8451847808236737 7.740760958816301 7.740760958816317
8.419999999999865 0.02 0.8450157607700777 0.8450157607700777 7.749211961496099 7.749211961496116
8.429999999999865 0.02 0.8448467745171123 0.8448467745171123 7.75766127414437 7.757661274144384
8.439999999999864 0.02 0.8446778220580179 0.844677822058018 7.766108897099087 7.7661088970991
8.449999999999864 0.02 0.8445089033860366 0.8445089033860366 7.774554830698154 7.774554830698172
8.459999999999864 0.02 0.8443400184944115 0.8443400184944115 7.782999075279409 7.782999075279423
8.469999999999864 0.02 0.8441711673763873 0.8441711673763873 7.79144163118062 7.791441631180635
8.479999999999864 0.02 0.8440023500252098 0.8440023500252098 7.799882498739493 7.799882498739508
8.489999999999863 0.02 0.8438335664341265 0.8438335664341265 7.808321678293658 7.808321678293672
8.499999999999863 0.02 0.843664816596386 0.843664816596386 7.816759170180686 7.816759170180698
8.509999999999863 0.02 0.8434961005052382 0.8434961005052382 7.825194974738074 7.825194974738092
8.519999999999863 0.02 0.8433274181539345 0.8433274181539346 7.833629092303256 7.833629092303268
8.529999999999863 0.02 0.8431587695357278 0.8431587695357278 7.842061523213596 7.842061523213611
8.539999999999862 0.02 0.8429901546438718 0.8429901546438718 7.850492267806391 7.850492267806408
8.549999999999862 0.02 0.8428215734716222 0.8428215734716222 7.858921326418872 7.858921326418888
8.559999999999862 0.02 0.8426530260122357 0.8426530260122357 7.8673486993882 7.867348699388216
8.569999999999862 0.02 0.8424845122589703 0.8424845122589703 7.87577438705147 7.875774387051488
8.579999999999862 0.02 0.8423160322050854 0.8423160322050856 7.88419838974571 7.884198389745722
8.589999999999861 0.02 0.8421475858438421 0.8421475858438421 7.89262070780788 7.892620707807896
8.599999999999861 0.02 0.8419791731685022 0.8419791731685022 7.901041341574873 7.901041341574888
8.609999999999861 0.02 0.8418107941723294 0.8418107941723294 7.909460291383514 7.90946029138353
8.619999999999861 0.02 0.8416424488485885 0.8416424488485885 7.917877557570561 7.917877557570574
8.62999999999986 0.02 0.8414741371905456 0.8414741371905456 7.926293140472704 7.926293140472717
8.63999999999986 0.02 0.8413058591914684 0.8413058591914684 7.934707040426567 7.934707040426581
8.64999999999986 0.02 0.8411376148446256 0.8411376148446256 7.943119257768707 7.943119257768721
8.65999999999986 0.02 0.8409694041432875 0.8409694041432875 7.951529792835611 7.951529792835626
8.66999999999986 0.02 0.8408012270807257 0.8408012270807257 7.959938645963702 7.959938645963716
8.679999999999859 0.02 0.8406330836502131 0.8406330836502131 7.968345817489332 7.968345817489348
8.689999999999859 0.02 0.8404649738450238 0.8404649738450239 7.97675130774879 7.976751307748803
8.699999999999859 0.02 0.8402968976584339 0.8402968976584339 7.985155117078294 7.985155117078308
8.709999999999859 0.02 0.8401288550837197 0.8401288550837197 7.993557245813998 7.993557245814015
8.719999999999859 0.02 0.83996084611416 0.83996084611416 8.001957694291987 8.001957694292001
8.729999999999858 0.02 0.8397928707430342 0.8397928707430342 8.010356462848275 8.010356462848289
8.739999999999858 0.02 0.8396249289636233 0.8396249289636233 8.018753551818818 8.018753551818836
8.749999999999858 0.02 0.8394570207692097 0.8394570207692097 8.027148961539497 8.027148961539515
8.759999999999858 0.02 0.8392891461530771 0.8392891461530771 8.03554269234613 8.035542692346143
8.769999999999857 0.02 0.8391213051085104 0.8391213051085105 8.043934744574464 8.043934744574477
8.779999999999857 0.02 0.838953497628796 0.838953497628796 8.052325118560182 8.0523251185602
8.789999999999857 0.02 0.8387857237072217 0.8387857237072217 8.0607138146389 8.060713814638914
8.799999999999857 0.02 0.8386179833370764 0.8386179833370764 8.069100833146164 8.06910083314618
8.809999999999857 0.02 0.8384502765116506 0.8384502765116506 8.077486174417457 8.077486174417469
8.819999999999856 0.02 0.8382826032242359 0.8382826032242359 8.085869838788192 8.085869838788206
8.829999999999856 0.02 0.8381149634681254 0.8381149634681254 8.094251826593712 8.094251826593728
8.839999999999856 0.02 0.8379473572366136 0.8379473572366136 8.102632138169302 8.102632138169319
8.849999999999856 0.02 0.8377797845229963 0.8377797845229963 8.11101077385017 8.111010773850186
8.859999999999856 0.02 0.8376122453205703 0.8376122453205704 8.119387733971465 8.119387733971479
8.869999999999855 0.02 0.8374447396226344 0.8374447396226344 8.127763018868263 8.127763018868277
8.879999999999855 0.02 0.8372772674224882 0.8372772674224882 8.136136628875576 8.13613662887559
8.889999999999855 0.02 0.8371098287134328 0.8371098287134328 8.144508564328349 8.144508564328362
8.899999999999855 0.02 0.8369424234887705 0.8369424234887705 8.15287882556146 8.152878825561476
8.909999999999854 0.02 0.8367750517418053 0.8367750517418053 8.161247412909717 8.161247412909733
8.919999999999854 0.02 0.8366077134658424 0.8366077134658424 8.169614326707865 8.16961432670788
8.929999999999854 0.02 0.8364404086541881 0.8364404086541881 8.177979567290581 8.177979567290594
8.939999999999854 0.02 0.8362731373001502 0.8362731373001502 8.186343134992475 8.186343134992491
8.949999999999854 0.02 0.8361058993970379 0.8361058993970379 8.194705030148087 8.194705030148103
8.959999999999853 0.02 0.8359386949381618 0.8359386949381618 8.203065253091896 8.203065253091912
8.969999999999853 0.02 0.8357715239168335 0.8357715239168335 8.211423804158308 8.211423804158324
8.979999999999853 0.02 0.8356043863263664 0.8356043863263664 8.219780683681668 8.219780683681682
8.989999999999853 0.02 0.8354372821600747 0.8354372821600747 8.228135891996249 8.228135891996263
8.999999999999853 0.02 0.8352702114112744 0.8352702114112744 8.236489429436261 8.236489429436277
9.009999999999852 0.02 0.8351031740732828 0.8351031740732828 8.244841296335842 8.244841296335858
9.019999999999852 0.02 0.8349361701394182 0.8349361701394182 8.253191493029071 8.253191493029089
9.029999999999852 0.02 0.8347691996030006 0.8347691996030006 8.261540019849955 8.261540019849972
9.039999999999852 0.02 0.834602262457351 0.834602262457351 8.269886877132432 8.269886877132448
9.049999999999851 0.02 0.834435358695792 0.834435358695792 8.278232065210382 8.2782320652104
9.059999999999851 0.02 0.8342684883116476 0.8342684883116476 8.286575584417607 8.286575584417621
9.069999999999851 0.02 0.8341016512982427 0.8341016512982427 8.29491743508785 8.294917435087868
9.079999999999851 0.02 0.8339348476489039 0.8339348476489039 8.303257617554785 8.303257617554804
9.089999999999851 0.02 0.8337680773569592 0.8337680773569592 8.311596132152019 8.311596132152038
9.09999999999985 0.02 0.8336013404157379 0.8336013404157377 8.319932979213092 8.319932979213112
9.10999999999985 0.02 0.8334346368185701 0.8334346368185701 8.328268159071479 8.328268159071495
9.11999999999985 0.02 0.8332679665587879 0.8332679665587879 8.336601672060588 8.336601672060606
9.12999999999985 0.02 0.8331013296297245 0.8331013296297245 8.344933518513757 8.344933518513775
9.13999999999985 0.02 0.8329347260247144 0.8329347260247144 8.353263698764263 8.353263698764279
9.149999999999849 0.02 0.8327681557370934 0.8327681557370934 8.361592213145309 8.361592213145331
9.159999999999849 0.02 0.8326016187601989 0.8326016187601989 8.369919061990039 8.369919061990055
9.169999999999849 0.02 0.8324351150873691 0.8324351150873691 8.378244245631526 8.378244245631544
9.179999999999849 0.02 0.8322686447119441 0.8322686447119441 8.386567764402779 8.386567764402796
9.189999999999849 0.02 0.8321022076272649 0.8321022076272649 8.394889618636734 8.394889618636753
9.199999999999848 0.02 0.8319358038266742 0.8319358038266742 8.40320980866627 8.40320980866629
9.209999999999848 0.02 0.8317694333035158 0.8317694333035158 8.411528334824192 8.411528334824208
9.219999999999848 0.02 0.8316030960511348 0.8316030960511348 8.419845197443243 8.41984519744326
9.229999999999848 0.02 0.8314367920628778 0.8314367920628778 8.428160396856095 8.428160396856111
9.239999999999847 0.02 0.8312705213320924 0.8312705213320924 8.436473933395359 8.436473933395378
9.249999999999847 0.02 0.8311042838521282 0.8311042838521282 8.444785807393572 8.44478580739359
9.259999999999847 0.02 0.8309380796163354 0.8309380796163354 8.453096019183214 8.453096019183231
9.269999999999847 0.02 0.8307719086180658 0.8307719086180658 8.461404569096691 8.461404569096709
9.279999999999847 0.02 0.8306057708506728 0.8306057708506728 8.469711457466344 8.469711457466362
9.289999999999846 0.02 0.8304396663075106 0.8304396663075106 8.478016684624452 8.478016684624468
9.299999999999846 0.02 0.8302735949819353 0.8302735949819353 8.486320250903219 8.486320250903233
9.309999999999846 0.02 0.8301075568673038 0.8301075568673038 8.494622156634792 8.494622156634811
9.319999999999846 0.02 0.8299415519569747 0.8299415519569747 8.502922402151247 8.502922402151263
9.329999999999846 0.02 0.8297755802443079 0.8297755802443079 8.511220987784592 8.511220987784606
9.339999999999845 0.02 0.8296096417226643 0.8296096417226643 8.519517913866769 8.519517913866787
9.349999999999845 0.02 0.8294437363854065 0.8294437363854065 8.527813180729659 8.527813180729677
9.359999999999845 0.02 0.8292778642258982 0.8292778642258982 8.536106788705069 8.536106788705089
9.369999999999845 0.02 0.8291120252375047 0.8291120252375047 8.544398738124746 8.544398738124764
9.379999999999844 0.02 0.8289462194135924 0.8289462194135924 8.552689029320367 8.552689029320382
9.389999999999844 0.02 0.8287804467475288 0.8287804467475288 8.560977662623545 8.560977662623559
9.399999999999844 0.02 0.8286147072326832 0.8286147072326832 8.569264638365821 8.569264638365842
9.409999999999844 0.02 0.8284490008624261 0.8284490008624261 8.577549956878679 8.577549956878693
9.419999999999844 0.02 0.828283327630129 0.828283327630129 8.585833618493529 8.585833618493549
9.429999999999843 0.02 0.8281176875291653 0.8281176875291653 8.59411562354172 8.594115623541738
9.439999999999843 0.02 0.8279520805529091 0.8279520805529091 8.602395972354529 8.602395972354543
9.449999999999843 0.02 0.8277865066947362 0.8277865066947362 8.61067466526317 8.61067466526319
9.459999999999843 0.02 0.8276209659480237 0.8276209659480237 8.618951702598794 8.618951702598816
9.469999999999843 0.02 0.8274554583061501 0.8274554583061501 8.62722708469248 8.627227084692496
9.479999999999842 0.02 0.8272899837624947 0.8272899837624947 8.635500811875245 8.635500811875263
9.489999999999842 0.02 0.827124542310439 0.827124542310439 8.643772884478036 8.643772884478052
9.499999999999842 0.02 0.826959133943365 0.826959133943365 8.652043302831736 8.652043302831752
9.509999999999842 0.02 0.8267937586546564 0.8267937586546564 8.660312067267164 8.660312067267178
9.519999999999841 0.02 0.8266284164376984 0.8266284164376984 8.668579178115069 8.668579178115083
9.529999999999841 0.02 0.826463107285877 0.826463107285877 8.676844635706134 8.676844635706148
9.539999999999841 0.02 0.82629783119258 0.82629783119258 8.68510844037098 8.685108440370998
9.549999999999841 0.02 0.8261325881511965 0.8261325881511965 8.693370592440159 8.693370592440175
9.559999999999841 0.02 0.8259673781551166 0.8259673781551166 8.701631092244154 8.701631092244172
9.56999999999984 0.02 0.8258022011977318 0.8258022011977318 8.70988994011339 8.709889940113408
9.57999999999984 0.02 0.8256370572724353 0.8256370572724353 8.718147136378215 8.718147136378235
9.58999999999984 0.02 0.8254719463726212 0.8254719463726212 8.726402681368922 8.726402681368938
9.59999999999984 0.02 0.825306868491685 0.825306868491685 8.73465657541573 8.73465657541575
9.60999999999984 0.02 0.8251418236230237 0.8251418236230237 8.742908818848797 8.742908818848816
9.619999999999839 0.02 0.8249768117600355 0.8249768117600355 8.751159411998209 8.751159411998227
9.629999999999839 0.02 0.8248118328961198 0.8248118328961198 8.759408355193994 8.75940835519401
9.639999999999839 0.02 0.8246468870246775 0.8246468870246775 8.767655648766107 8.767655648766127
9.649999999999839 0.02 0.8244819741391108 0.8244819741391108 8.77590129304444 8.775901293044457
9.659999999999838 0.02 0.8243170942328233 0.8243170942328233 8.78414528835882 8.784145288358836
9.669999999999838 0.02 0.8241522472992195 0.8241522472992195 8.792387635039006 8.792387635039022
9.679999999999838 0.02 0.8239874333317059 0.8239874333317059 8.800628333414691 8.800628333414705
9.689999999999838 0.02 0.8238226523236896 0.8238226523236896 8.808867383815505 8.808867383815521
9.699999999999838 0.02 0.8236579042685795 0.8236579042685795 8.817104786571008 8.817104786571022
9.709999999999837 0.02 0.8234931891597858 0.8234931891597858 8.825340542010697 8.825340542010712
9.719999999999837 0.02 0.8233285069907196 0.8233285069907196 8.833574650464001 8.833574650464021
9.729999999999837 0.02 0.8231638577547939 0.8231638577547939 8.841807112260287 8.841807112260302
9.739999999999837 0.02 0.8229992414454226 0.8229992414454226 8.850037927728852 8.85003792772887
9.749999999999837 0.02 0.8228346580560211 0.8228346580560211 8.858267097198929 8.858267097198945
9.759999999999836 0.02 0.8226701075800059 0.8226701075800059 8.866494620999683 8.866494620999704
9.769999999999836 0.02 0.8225055900107953 0.8225055900107953 8.874720499460219 8.874720499460237
9.779999999999836 0.02 0.8223411053418083 0.8223411053418083 8.882944732909566 8.882944732909587
9.789999999999836 0.02 0.8221766535664656 0.8221766535664656 8.891167321676699 8.891167321676718
9.799999999999836 0.02 0.8220122346781893 0.8220122346781893 8.899388266090519 8.899388266090535
9.809999999999835 0.02 0.8218478486704024 0.8218478486704024 8.907607566479864 8.90760756647988
9.819999999999835 0.02 0.8216834955365295 0.8216834955365295 8.915825223173506 8.915825223173524
9.829999999999835 0.02 0.8215191752699966 0.8215191752699966 8.924041236500152 8.924041236500168
9.839999999999835 0.02 0.8213548878642308 0.8213548878642308 8.932255606788443 8.932255606788459
9.849999999999834 0.02 0.8211906333126606 0.8211906333126606 8.940468334366951 8.940468334366969
9.859999999999834 0.02 0.8210264116087159 0.8210264116087159 8.948679419564186 8.948679419564204
9.869999999999834 0.02 0.8208622227458278 0.8208622227458278 8.956888862708594 8.956888862708611
9.879999999999834 0.02 0.8206980667174286 0.8206980667174286 8.965096664128552 8.965096664128568
9.889999999999834 0.02 0.8205339435169523 0.8205339435169523 8.97330282415237 8.973302824152384
9.899999999999833 0.02 0.8203698531378337 0.8203698531378337 8.981507343108294 8.981507343108314
9.909999999999833 0.02 0.8202057955735095 0.8202057955735095 8.989710221324508 8.989710221324525
9.919999999999833 0.02 0.8200417708174171 0.8200417708174171 8.997911459129126 8.997911459129144
9.929999999999833 0.02 0.8198777788629957 0.8198777788629957 9.006111056850195 9.006111056850214
9.939999999999833 0.02 0.8197138197036856 0.8197138197036856 9.014309014815701 9.014309014815719
9.949999999999832 0.02 0.8195498933329284 0.8195498933329284 9.022505333353564 9.02250533335358
9.959999999999832 0.02 0.8193859997441669 0.8193859997441669 9.030700012791634 9.030700012791653
9.969999999999832 0.02 0.8192221389308457 0.8192221389308457 9.038893053457699 9.038893053457715
9.979999999999832 0.02 0.81905831088641 0.81905831088641 9.04708445567948 9.047084455679499
9.989999999999831 0.02 0.8188945156043069 0.8188945156043069 9.055274219784634 9.055274219784653
9.999999999999831 0.02 0.8187307530779846 0.8187307530779846 9.063462346100751 9.063462346100771
